7.79,7.44,7.59,
5.78,5.37,5.41,
1.49,1.36,1.53,
0.57,0.53,0.74,
0.44,0.39,0.65,
0.18,0.19,0.32,
0.13,0.09,0.13,
0.04,0.03,0.04,
0.00,0.02,0.00,
0.00,0.00,0.00,
0.00,0.00,0.00,
0.00,0.00,0.00,
0.00,0.00,0.00,
0.00,0.00,0.00,
0.00,0.00,0.00,
0.00,0.00,0.00,
0.00,0.00,0.00,
0.00,0.00,0.00,
0.00,0.00,0.00,
0.00,0.00,0.00,
0.00,0.00,0.00,
0.00,0.00,0.00,
0.00,0.00,0.00,
0.00,0.00,0.00,
0.00,0.00,0.00,
0.00,0.00,0.00,
0.00,0.00,0.00,
0.00,0.00,0.00,
0.00,0.00,0.00,
0.00,0.00,0.00,
0.00,0.00,0.00,
0.00,0.00,0.00,
0.00,0.00,0.00,
0.00,0.00,0.00,
0.00,0.00,0.00,
0.00,0.00,0.00,
0.00,0.00,0.00,
0.00,0.00,0.00,
0.00,0.00,0.00,
0.00,0.00,0.00,
0.00,0.00,0.00,
0.00,0.00,0.00,
0.00,0.00,0.00,
0.00,0.00,0.00,
0.00,0.00,0.00,
0.00,0.00,0.00,
0.00,0.00,0.00,
0.00,0.00,0.00,
0.00,0.00,0.00,
0.00,0.00,0.00,
0.00,0.00,0.00,
0.00,0.00,0.00,
0.00,0.00,0.00,
0.00,0.00,0.00,
0.00,0.00,0.00,
0.00,0.00,0.00,
0.00,0.00,0.00,
0.00,0.00,0.00,
0.00,0.00,0.00,
0.00,0.00,0.00,
0.00,0.00,0.00,
0.00,0.00,0.00,
0.00,0.00,0.00,
0.00,0.00,0.00,
0.00,0.00,0.00,
0.00,0.00,0.00,
0.00,0.00,0.00,
0.00,0.00,0.00,
0.00,0.00,0.00,
0.00,0.00,0.00,
0.00,0.00,0.00,
0.00,0.00,0.00,
0.00,0.00,0.00,
0.00,0.00,0.00,
0.00,0.00,0.00,
0.00,0.00,0.00,
0.00,0.00,0.00,
0.00,0.00,0.00,
0.00,0.00,0.00,
0.00,0.00,0.00,
0.00,0.00,0.00,
0.00,0.00,0.00,
0.00,0.00,0.00,
0.00,0.00,0.00,
0.00,0.00,0.00,
0.00,0.00,0.00,
0.00,0.00,0.00,
0.00,0.00,0.00,
0.00,0.00,0.00,
0.00,0.00,0.00,
0.00,0.00,0.00,
0.00,0.00,0.00,
0.00,0.00,0.00,
0.00,0.00,0.00,
0.00,0.00,0.00,
0.00,0.00,0.00,
0.00,0.00,0.00,
0.00,0.00,0.00,
0.00,0.00,0.00,
0.00,0.00,0.00,
0.00,0.00,0.00,
0.00,0.00,0.00,
0.00,0.00,0.00,
0.00,0.00,0.00,
0.00,0.00,0.00,
0.00,0.00,0.00,
0.00,0.00,0.00,
0.00,0.00,0.00,
0.00,0.00,0.00,
0.00,0.00,0.00,
0.00,0.00,0.00,
0.00,0.00,0.00,
0.00,0.00,0.00,
0.00,0.00,0.00,
0.00,0.00,0.00,
0.00,0.00,0.00,
0.00,0.00,0.00,
0.00,0.00,0.00,
0.00,0.00,0.00,
0.00,0.00,0.00,
0.00,0.00,0.00,
0.00,0.00,0.00,
0.00,0.00,0.00,
0.00,0.00,0.00,
0.00,0.00,0.00,
0.00,0.00,0.00,
0.00,0.00,0.00,
0.00,0.00,0.00,
0.00,0.00,0.00,
0.00,0.00,0.00,
0.00,0.00,0.00,
0.00,0.00,0.00,
0.00,0.00,0.00,
0.00,0.00,0.00,
0.00,0.00,0.00,
0.00,0.00,0.00,
0.00,0.00,0.00,
0.00,0.00,0.00,
0.00,0.00,0.00,
0.00,0.00,0.00,
0.00,0.00,0.00,
0.00,0.00,0.00,
0.00,0.00,0.00,
0.00,0.00,0.00,
0.00,0.00,0.00,
0.00,0.00,0.00,
0.00,0.00,0.00,
0.00,0.00,0.00,
0.00,0.00,0.00,
0.00,0.00,0.00,
0.00,0.00,0.00,
0.00,0.00,0.00,
0.00,0.00,0.00,
0.00,0.00,0.00,
0.00,0.00,0.00,
0.00,0.00,0.00,
0.00,0.00,0.00,
0.00,0.00,0.00,
0.00,0.00,0.00,
0.00,0.00,0.00,
0.00,0.00,0.00,
0.00,0.00,0.00,
0.00,0.00,0.00,
0.00,0.00,0.00,
0.00,0.00,0.00,
0.00,0.00,0.00,
0.00,0.00,0.00,
0.00,0.00,0.00,
0.00,0.00,0.00,
0.00,0.00,0.00,
0.00,0.00,0.00,
0.00,0.00,0.00,
0.00,0.00,0.00,
0.00,0.00,0.00,
0.00,0.00,0.00,
0.00,0.00,0.00,
0.00,0.00,0.00,
0.00,0.00,0.00,
0.00,0.00,0.00,
0.00,0.00,0.00,
0.00,0.00,0.00,
0.00,0.00,0.00,
0.00,0.00,0.00,
0.00,0.00,0.00,
0.00,0.00,0.00,
0.00,0.00,0.00,
0.00,0.00,0.00,
0.00,0.00,0.00,
0.00,0.00,0.00,
0.00,0.00,0.00,
0.00,0.00,0.00,
0.00,0.00,0.00,
0.00,0.00,0.00,
0.00,0.00,0.00,
0.00,0.00,0.00,
0.00,0.00,0.00,
0.00,0.00,0.00,
0.00,0.00,0.00,
0.00,0.00,0.00,
0.00,0.00,0.00,
0.00,0.00,0.00,
0.00,0.00,0.00,
0.00,0.00,0.00,
0.00,0.00,0.00,
0.00,0.00,0.00,
0.00,0.00,0.00,
0.00,0.00,0.00,
0.00,0.00,0.00,
0.00,0.00,0.00,
0.00,0.00,0.00,
0.00,0.00,0.00,
0.00,0.00,0.00,
0.00,0.00,0.00,
0.00,0.00,0.00,
0.00,0.00,0.00,
0.00,0.00,0.00,
0.00,0.00,0.00,
0.00,0.00,0.00,
0.00,0.00,0.00,
0.00,0.00,0.00,
0.00,0.00,0.00,
0.00,0.00,0.00,
0.00,0.00,0.00,
0.00,0.00,0.00,
0.00,0.00,0.00,
0.00,0.00,0.00,
0.00,0.00,0.00,
0.00,0.00,0.00,
0.00,0.00,0.00,
0.00,0.00,0.00,
0.00,0.00,0.00,
0.00,0.00,0.00,
0.00,0.00,0.00,
0.00,0.00,0.00,
0.00,0.00,0.00,
0.00,0.00,0.00,
0.00,0.00,0.00,
0.00,0.00,0.00,
0.00,0.00,0.00,
0.00,0.00,0.00,
0.00,0.00,0.00,
0.00,0.00,0.00,
0.00,0.00,0.00,
0.00,0.00,0.00,
0.00,0.00,0.00,
0.00,0.00,0.00,
0.00,0.00,0.00,
0.00,0.00,0.00,
0.00,0.00,0.00,
0.00,0.00,0.00,
0.00,0.00,0.00,
0.00,0.00,0.00,
0.00,0.00,0.00,
0.00,0.00,0.00,
0.00,0.00,0.00,
0.00,0.00,0.00,
0.00,0.00,0.00,
0.00,0.00,0.00,
0.00,0.00,0.00,
0.00,0.00,0.00,
0.00,0.00,0.00,
0.00,0.00,0.00,
0.00,0.00,0.00,
0.00,0.00,0.00,
0.00,0.00,0.00,
0.00,0.00,0.00,
0.00,0.00,0.00,
0.00,0.00,0.00,
0.00,0.00,0.00,
0.00,0.00,0.00,
0.00,0.00,0.00,
0.00,0.00,0.00,
0.00,0.00,0.00,
0.00,0.00,0.00,
0.00,0.00,0.00,
0.00,0.00,0.00,
0.00,0.00,0.00,
0.00,0.00,0.00,
0.00,0.00,0.00,
0.00,0.00,0.00,
0.00,0.00,0.00,
0.00,0.00,0.00,
0.00,0.00,0.00,
0.00,0.00,0.00,
0.00,0.00,0.00,
0.00,0.00,0.00,
0.00,0.00,0.00,
0.00,0.00,0.00,
0.00,0.00,0.00,
0.00,0.00,0.00,
0.00,0.00,0.00,
0.00,0.00,0.00,
0.00,0.00,0.00,
0.00,0.00,0.00,
0.00,0.00,0.00,
0.00,0.00,0.00,
0.00,0.00,0.00,
0.00,0.00,0.00,
0.00,0.00,0.00,
0.00,0.00,0.00,
0.00,0.00,0.00,
0.00,0.00,0.00,
0.00,0.00,0.00,
0.00,0.00,0.00,
0.00,0.00,0.00,
0.00,0.00,0.00,
0.00,0.00,0.00,
0.00,0.00,0.00,
0.00,0.00,0.00,
0.00,0.00,0.00,
0.00,0.00,0.00,
0.00,0.00,0.00,
0.00,0.00,0.00,
0.00,0.00,0.00,
0.00,0.00,0.00,
0.00,0.00,0.00,
0.00,0.00,0.00,
0.00,0.00,0.00,
0.00,0.00,0.00,
0.00,0.00,0.00,
0.00,0.00,0.00,
0.00,0.00,0.00,
0.00,0.00,0.00,
0.00,0.00,0.00,
0.00,0.00,0.00,
0.00,0.00,0.00,
0.00,0.00,0.00,
0.00,0.00,0.00,
0.00,0.00,0.00,
0.00,0.00,0.00,
0.00,0.00,0.00,
0.00,0.00,0.00,
0.00,0.00,0.00,
0.00,0.00,0.00,
0.00,0.00,0.00,
0.00,0.00,0.00,
0.00,0.00,0.00,
0.00,0.00,0.00,
0.00,0.00,0.00,
0.00,0.00,0.00,
0.00,0.00,0.00,
0.00,0.00,0.00,
0.00,0.00,0.00,
0.00,0.00,0.00,
0.00,0.00,0.00,
0.00,0.00,0.00,
0.00,0.00,0.00,
0.00,0.00,0.00,
0.00,0.00,0.00,
0.00,0.00,0.00,
0.00,0.00,0.00,
0.00,0.00,0.00,
0.00,0.00,0.00,
0.00,0.00,0.00,
0.00,0.00,0.00,
0.00,0.00,0.00,
0.00,0.00,0.00,
0.00,0.00,0.00,
0.00,0.00,0.00,
0.00,0.00,0.00,
0.00,0.00,0.00,
0.00,0.00,0.00,
0.00,0.00,0.00,
0.00,0.00,0.00,
0.00,0.00,0.00,
0.00,0.00,0.00,
0.00,0.00,0.00,
0.00,0.00,0.00,
0.00,0.00,0.00,
0.00,0.00,0.00,
0.00,0.00,0.00,
0.00,0.00,0.00,
0.00,0.00,0.00,
0.00,0.00,0.00,
0.00,0.00,0.00,
0.00,0.00,0.00,
0.00,0.00,0.00,
0.00,0.00,0.00,
0.00,0.00,0.00,
0.00,0.00,0.00,
0.00,0.00,0.00,
0.00,0.00,0.00,
0.00,0.00,0.00,
0.00,0.00,0.00,
0.00,0.00,0.00,
0.00,0.00,0.00,
0.00,0.00,0.00,
0.00,0.00,0.00,
0.00,0.00,0.00,
0.00,0.00,0.00,
0.00,0.00,0.00,
0.00,0.00,0.00,
0.00,0.00,0.00,
0.00,0.00,0.00,
0.00,0.00,0.00,
0.00,0.00,0.00,
0.00,0.00,0.00,
0.00,0.00,0.00,
0.00,0.00,0.00,
0.00,0.00,0.00,
0.00,0.00,0.00,
0.00,0.00,0.00,
0.00,0.00,0.00,
0.00,0.00,0.00,
0.00,0.00,0.00,
0.00,0.00,0.00,
0.00,0.00,0.00,
0.00,0.00,0.00,
0.00,0.00,0.00,
0.00,0.00,0.00,
0.00,0.00,0.00,
0.00,0.00,0.00,
0.00,0.00,0.00,
0.00,0.00,0.00,
0.00,0.00,0.00,
0.00,0.00,0.00,
0.00,0.00,0.00,
0.00,0.00,0.00,
0.00,0.00,0.00,
0.00,0.00,0.00,
0.00,0.00,0.00,
0.00,0.00,0.00,
0.00,0.00,0.00,
0.00,0.00,0.00,
0.00,0.00,0.00,
0.00,0.00,0.00,
0.00,0.00,0.00,
0.00,0.00,0.00,
0.00,0.00,0.00,
0.00,0.00,0.00,
0.00,0.00,0.00,
0.00,0.00,0.00,
0.00,0.00,0.00,
0.00,0.00,0.00,
0.00,0.00,0.00,
0.00,0.00,0.00,
0.00,0.00,0.00,
0.00,0.00,0.00,
0.00,0.00,0.00,
0.00,0.00,0.00,
0.00,0.00,0.00,
0.00,0.00,0.00,
0.00,0.00,0.00,
0.00,0.00,0.00,
0.00,0.00,0.00,
0.00,0.00,0.00,
0.00,0.00,0.00,
0.00,0.00,0.00,
0.00,0.00,0.00,
0.00,0.00,0.00,
0.00,0.00,0.00,
0.00,0.00,0.00,
0.00,0.00,0.00,
0.00,0.00,0.00,
0.00,0.00,0.00,
0.00,0.00,0.00,
0.00,0.00,0.00,
0.00,0.00,0.00,
0.00,0.00,0.00,
0.00,0.00,0.00,
0.00,0.00,0.00,
0.00,0.00,0.00,
0.00,0.00,0.00,
0.00,0.00,0.00,
0.00,0.00,0.00,
0.00,0.00,0.00,
0.00,0.00,0.00,
0.00,0.00,0.00,
0.00,0.00,0.00,
0.00,0.00,0.00,
0.00,0.00,0.00,
0.00,0.00,0.00,
0.00,0.00,0.00,
0.00,0.00,0.00,
0.00,0.00,0.00,
0.00,0.00,0.00,
0.00,0.00,0.00,
0.00,0.00,0.00,
0.00,0.00,0.00,
0.00,0.00,0.00,
0.00,0.00,0.00,
0.00,0.00,0.00,
0.00,0.00,0.00,
0.00,0.00,0.00,
0.00,0.00,0.00,
0.00,0.00,0.00,
0.00,0.00,0.00,
0.00,0.00,0.00,
0.00,0.00,0.00,
0.00,0.00,0.00,
0.00,0.00,0.00,
0.00,0.00,0.00,
0.00,0.00,0.00,
0.00,0.00,0.00,
0.00,0.00,0.00,
0.00,0.00,0.00,
0.00,0.00,0.00,
0.00,0.00,0.00,
0.00,0.00,0.00,
0.00,0.00,0.00,
0.00,0.00,0.00,
0.00,0.00,0.00,
0.00,0.00,0.00,
0.00,0.00,0.00,
0.00,0.00,0.00,
0.00,0.00,0.00,
0.00,0.00,0.00,
0.00,0.00,0.00,
0.00,0.00,0.00,
0.00,0.00,0.00,
0.00,0.00,0.00,
0.00,0.00,0.00,
0.00,0.00,0.00,
0.00,0.00,0.00,
0.00,0.00,0.00,
0.00,0.00,0.00,
0.00,0.00,0.00,
0.00,0.00,0.00,
0.00,0.00,0.00,
0.00,0.00,0.00,
0.00,0.00,0.00,
0.00,0.00,0.00,
0.00,0.00,0.00,
0.00,0.00,0.00,
0.00,0.00,0.00,
0.00,0.00,0.00,
0.00,0.00,0.00,
0.00,0.00,0.00,
0.00,0.00,0.00,
0.00,0.00,0.00,
0.00,0.00,0.00,
0.00,0.00,0.00,
0.00,0.00,0.00,
0.00,0.00,0.00,
0.00,0.00,0.00,
0.00,0.00,0.00,
0.00,0.00,0.00,
0.00,0.00,0.00,
0.00,0.00,0.00,
0.00,0.00,0.00,
0.00,0.00,0.00,
0.00,0.00,0.00,
0.00,0.00,0.00,
0.00,0.00,0.00,
0.00,0.00,0.00,
0.00,0.00,0.00,
0.00,0.00,0.00,
0.00,0.00,0.00,
0.00,0.00,0.00,
0.00,0.00,0.00,
0.00,0.00,0.00,
0.00,0.00,0.00,
0.00,0.00,0.00,
0.00,0.00,0.00,
0.00,0.00,0.00,
0.00,0.00,0.00,
0.00,0.00,0.00,
0.00,0.00,0.00,
0.00,0.00,0.00,
0.00,0.00,0.00,
0.00,0.00,0.00,
0.00,0.00,0.00,
0.00,0.00,0.00,
0.00,0.00,0.00,
0.00,0.00,0.00,
0.00,0.00,0.00,
0.00,0.00,0.00,
0.00,0.00,0.00,
0.00,0.00,0.00,
0.00,0.00,0.00,
0.00,0.00,0.00,
0.00,0.00,0.00,
0.00,0.00,0.00,
0.00,0.00,0.00,
0.00,0.00,0.00,
0.00,0.00,0.00,
0.00,0.00,0.00,
0.00,0.00,0.00,
0.00,0.00,0.00,
0.00,0.00,0.00,
0.00,0.00,0.00,
0.00,0.00,0.00,
0.00,0.00,0.00,
0.00,0.00,0.00,
0.00,0.00,0.00,
0.00,0.00,0.00,
0.00,0.00,0.00,
0.00,0.00,0.00,
0.00,0.00,0.00,
0.00,0.00,0.00,
0.00,0.00,0.00,
0.00,0.00,0.00,
0.00,0.00,0.00,
0.00,0.00,0.00,
0.00,0.00,0.00,
0.00,0.00,0.00,
0.00,0.00,0.00,
0.00,0.00,0.00,
0.00,0.00,0.00,
0.00,0.00,0.00,
0.00,0.00,0.00,
0.00,0.00,0.00,
0.00,0.00,0.00,
0.00,0.00,0.00,
0.00,0.00,0.00,
0.00,0.00,0.00,
0.00,0.00,0.00,
0.00,0.00,0.00,
0.00,0.00,0.00,
0.00,0.00,0.00,
0.00,0.00,0.00,
0.00,0.00,0.00,
0.00,0.00,0.00,
0.00,0.00,0.00,
0.00,0.00,0.00,
0.00,0.00,0.00,
0.00,0.00,0.00,
0.00,0.00,0.00,
0.00,0.00,0.00,
0.00,0.00,0.00,
0.00,0.00,0.00,
0.00,0.00,0.00,
0.00,0.00,0.00,
0.00,0.00,0.00,
0.00,0.00,0.00,
0.00,0.00,0.00,
0.00,0.00,0.00,
0.00,0.00,0.00,
0.00,0.00,0.00,
0.00,0.00,0.00,
0.00,0.00,0.00,
0.00,0.00,0.00,
0.00,0.00,0.00,
0.00,0.00,0.00,
0.00,0.00,0.00,
0.00,0.00,0.00,
0.00,0.00,0.00,
0.00,0.00,0.00,
0.00,0.00,0.00,
0.00,0.00,0.00,
0.00,0.00,0.00,
0.00,0.00,0.00,
0.00,0.00,0.00,
0.00,0.00,0.00,
0.00,0.00,0.00,
0.00,0.00,0.00,
0.00,0.00,0.00,
0.00,0.00,0.00,
0.00,0.00,0.00,
0.00,0.00,0.00,
0.00,0.00,0.00,
0.00,0.00,0.00,
0.00,0.00,0.00,
0.00,0.00,0.00,
0.00,0.00,0.00,
0.00,0.00,0.00,
0.00,0.00,0.00,
0.00,0.00,0.00,
0.00,0.00,0.00,
0.00,0.00,0.00,
0.00,0.00,0.00,
0.00,0.00,0.00,
0.00,0.00,0.00,
0.00,0.00,0.00,
0.00,0.00,0.00,
0.00,0.00,0.00,
0.00,0.00,0.00,
0.00,0.00,0.00,
0.00,0.00,0.00,
0.00,0.00,0.00,
0.00,0.00,0.00,
0.00,0.00,0.00,
0.00,0.00,0.00,
0.00,0.00,0.00,
0.00,0.00,0.00,
0.00,0.00,0.00,
0.00,0.00,0.00,
0.00,0.00,0.00,
0.00,0.00,0.00,
0.00,0.00,0.00,
0.00,0.00,0.00,
0.00,0.00,0.00,
0.00,0.00,0.00,
0.00,0.00,0.00,
0.00,0.00,0.00,
0.00,0.00,0.00,
0.00,0.00,0.00,
0.00,0.00,0.00,
0.00,0.00,0.00,
0.00,0.00,0.00,
0.00,0.00,0.00,
0.00,0.00,0.00,
0.00,0.00,0.00,
0.00,0.00,0.00,
0.00,0.00,0.00,
0.00,0.00,0.00,
0.00,0.00,0.00,
0.00,0.00,0.00,
0.00,0.00,0.00,
0.00,0.00,0.00,
0.00,0.00,0.00,
0.00,0.00,0.00,
0.00,0.00,0.00,
0.00,0.00,0.00,
0.00,0.00,0.00,
0.00,0.00,0.00,
0.00,0.00,0.00,
0.00,0.00,0.00,
0.00,0.00,0.00,
0.00,0.00,0.00,
0.00,0.00,0.00,
0.00,0.00,0.00,
0.00,0.00,0.00,
0.00,0.00,0.00,
0.00,0.00,0.00,
0.00,0.00,0.00,
0.00,0.00,0.00,
0.00,0.00,0.00,
0.00,0.00,0.00,
0.00,0.00,0.00,
0.00,0.00,0.00,
0.00,0.00,0.00,
0.00,0.00,0.00,
0.00,0.00,0.00,
0.00,0.00,0.00,
0.00,0.00,0.00,
0.00,0.00,0.00,
0.00,0.00,0.00,
0.00,0.00,0.00,
0.00,0.00,0.00,
0.00,0.00,0.00,
0.00,0.00,0.00,
0.00,0.00,0.00,
0.00,0.00,0.00,
0.00,0.00,0.00,
0.00,0.00,0.00,
0.00,0.00,0.00,
0.00,0.00,0.00,
0.00,0.00,0.00,
0.00,0.00,0.00,
0.00,0.00,0.00,
0.00,0.00,0.00,
0.00,0.00,0.00,
0.00,0.00,0.00,
0.00,0.00,0.00,
0.00,0.00,0.00,
0.00,0.00,0.00,
0.00,0.00,0.00,
0.00,0.00,0.00,
0.00,0.00,0.00,
0.00,0.00,0.00,
0.00,0.00,0.00,
0.00,0.00,0.00,
0.00,0.00,0.00,
0.00,0.00,0.00,
0.00,0.00,0.00,
0.00,0.00,0.00,
0.00,0.00,0.00,
0.00,0.00,0.00,
0.00,0.00,0.00,
0.00,0.00,0.00,
0.00,0.00,0.00,
0.00,0.00,0.00,
0.00,0.00,0.00,
0.00,0.00,0.00,
0.00,0.00,0.00,
0.00,0.00,0.00,
0.00,0.00,0.00,
0.00,0.00,0.00,
0.00,0.00,0.00,
0.00,0.00,0.00,
0.00,0.00,0.00,
0.00,0.00,0.00,
0.00,0.00,0.00,
0.00,0.00,0.00,
0.00,0.00,0.00,
0.00,0.00,0.00,
0.00,0.00,0.00,
0.00,0.00,0.00,
0.00,0.00,0.00,
0.00,0.00,0.00,
0.00,0.00,0.00,
0.00,0.00,0.00,
0.00,0.00,0.00,
0.00,0.00,0.00,
0.00,0.00,0.00,
0.00,0.00,0.00,
0.00,0.00,0.00,
0.00,0.00,0.00,
0.00,0.00,0.00,
0.00,0.00,0.00,
0.00,0.00,0.00,
0.00,0.00,0.00,
0.00,0.00,0.00,
0.00,0.00,0.00,
0.00,0.00,0.00,
0.00,0.00,0.00,
0.00,0.00,0.00,
0.00,0.00,0.00,
0.00,0.00,0.00,
0.00,0.00,0.00,
0.00,0.00,0.00,
0.00,0.00,0.00,
0.00,0.00,0.00,
0.00,0.00,0.00,
0.00,0.00,0.00,
0.00,0.00,0.00,
0.00,0.00,0.00,
0.00,0.00,0.00,
0.00,0.00,0.00,
0.00,0.00,0.00,
0.00,0.00,0.00,
0.00,0.00,0.00,
0.00,0.00,0.00,
0.00,0.00,0.00,
0.00,0.00,0.00,
0.00,0.00,0.00,
0.00,0.00,0.00,
0.00,0.00,0.00,
0.00,0.00,0.00,
0.00,0.00,0.00,
0.00,0.00,0.00,
0.00,0.00,0.00,
0.00,0.00,0.00,
0.00,0.00,0.00,
0.00,0.00,0.00,
0.00,0.00,0.00,
0.00,0.00,0.00,
0.00,0.00,0.00,
0.00,0.00,0.00,
0.00,0.00,0.00,
0.00,0.00,0.00,
0.00,0.00,0.00,
0.00,0.00,0.00,
0.00,0.00,0.00,
0.00,0.00,0.00,
0.00,0.00,0.00,
0.00,0.00,0.00,
0.00,0.00,0.00,
0.00,0.00,0.00,
0.00,0.00,0.00,
0.00,0.00,0.00,
0.00,0.00,0.00,
0.00,0.00,0.00,
0.00,0.00,0.00,
0.00,0.00,0.00,
0.00,0.00,0.00,
0.00,0.00,0.00,
0.00,0.00,0.00,
0.00,0.00,0.00,
0.00,0.00,0.00,
0.00,0.00,0.00,
0.00,0.00,0.00,
0.00,0.00,0.00,
0.00,0.00,0.00,
0.00,0.00,0.00,
0.00,0.00,0.00,
0.00,0.00,0.00,
0.00,0.00,0.00,
0.00,0.00,0.00,
0.00,0.00,0.00,
0.00,0.00,0.00,
0.00,0.00,0.00,
0.00,0.00,0.00,
0.00,0.00,0.00,
0.00,0.00,0.00,
0.00,0.00,0.00,
0.00,0.00,0.00,
0.00,0.00,0.00,
0.00,0.00,0.00,
0.00,0.00,0.00,
0.00,0.00,0.00,
0.00,0.00,0.00,
0.00,0.00,0.00,
0.00,0.00,0.00,
0.00,0.00,0.00,
0.00,0.00,0.00,
0.00,0.00,0.00,
0.00,0.00,0.00,
0.00,0.00,0.00,
0.00,0.00,0.00,
0.00,0.00,0.00,
0.00,0.00,0.00,
0.00,0.00,0.00,
0.00,0.00,0.00,
0.00,0.00,0.00,
0.00,0.00,0.00,
0.00,0.00,0.00,
0.00,0.00,0.00,
0.00,0.00,0.00,
0.00,0.00,0.00,
0.00,0.00,0.00,
0.00,0.00,0.00,
0.00,0.00,0.00,
0.00,0.00,0.00,
0.00,0.00,0.00,
0.00,0.00,0.00,
0.00,0.00,0.00,
0.00,0.00,0.00,
0.00,0.00,0.00,
0.00,0.00,0.00,
0.00,0.00,0.00,
0.00,0.00,0.00,
0.00,0.00,0.00,
0.00,0.00,0.00,
0.00,0.00,0.00,
0.00,0.00,0.00,
0.00,0.00,0.00,
0.00,0.00,0.00,
0.00,0.00,0.00,
0.00,0.00,0.00,
0.00,0.00,0.00,
0.00,0.00,0.00,
0.00,0.00,0.00,
0.00,0.00,0.00,
0.00,0.00,0.00,
0.00,0.00,0.00,
0.00,0.00,0.00,
0.00,0.00,0.00,
0.00,0.00,0.00,
0.00,0.00,0.00,
0.00,0.00,0.00,
0.00,0.00,0.00,
0.00,0.00,0.00,
0.00,0.00,0.00,
0.00,0.00,0.00,
0.00,0.00,0.00,
0.00,0.00,0.00,
0.00,0.00,0.00,
0.00,0.00,0.00,
0.00,0.00,0.00,
0.00,0.00,0.00,
0.00,0.00,0.00,
0.00,0.00,0.00,
0.00,0.00,0.00,
0.00,0.00,0.00,
0.00,0.00,0.00,
0.00,0.00,0.00,
0.00,0.00,0.00,
0.00,0.00,0.00,
0.00,0.00,0.00,
0.00,0.00,0.00,
0.00,0.00,0.00,
0.00,0.00,0.00,
0.00,0.00,0.00,
0.00,0.00,0.00,
0.00,0.00,0.00,
0.00,0.00,0.00,
0.00,0.00,0.00,
0.00,0.00,0.00,
0.00,0.00,0.00,
0.00,0.00,0.00,
0.00,0.00,0.00,
0.00,0.00,0.00,
0.00,0.00,0.00,
0.00,0.00,0.00,
0.00,0.00,0.00,
0.00,0.00,0.00,
0.00,0.00,0.00,
0.00,0.00,0.00,
0.00,0.00,0.00,
0.00,0.00,0.00,
0.00,0.00,0.00,
0.00,0.00,0.00,
0.00,0.00,0.00,
0.00,0.00,0.00,
0.00,0.00,0.00,
0.00,0.00,0.00,
0.00,0.00,0.00,
0.00,0.00,0.00,
0.00,0.00,0.00,
0.00,0.00,0.00,
0.00,0.00,0.00,
0.00,0.00,0.00,
0.00,0.00,0.00,
0.00,0.00,0.00,
0.00,0.00,0.00,
0.00,0.00,0.00,
0.00,0.00,0.00,
0.00,0.00,0.00,
0.00,0.00,0.00,
0.00,0.00,0.00,
0.00,0.00,0.00,
0.00,0.00,0.00,
0.00,0.00,0.00,
0.00,0.00,0.00,
0.00,0.00,0.00,
0.00,0.00,0.00,
0.00,0.00,0.00,
0.00,0.00,0.00,
0.00,0.00,0.00,
0.00,0.00,0.00,
0.00,0.00,0.00,
0.00,0.00,0.00,
0.00,0.00,0.00,
0.00,0.00,0.00,
0.00,0.00,0.00,
0.00,0.00,0.00,
0.00,0.00,0.00,
0.00,0.00,0.00,
11.15,12.26,12.79,
11.74,12.69,12.52,
13.45,14.24,11.39,
12.68,12.10,11.70,
14.09,14.99,12.19,
14.17,15.15,11.86,
14.35,15.27,12.74,
14.46,16.16,12.47,
14.45,17.50,12.84,
15.11,17.67,13.29,
15.60,17.63,13.47,
16.45,18.26,13.91,
17.44,19.17,14.20,
17.85,19.14,14.09,
17.97,19.55,14.70,
18.22,19.42,14.60,
18.05,19.10,14.44,
17.60,19.58,14.37,
16.60,19.04,14.34,
16.53,18.63,14.39,
16.46,18.86,14.20,
16.25,18.16,13.89,
16.46,17.56,13.56,
15.97,16.68,13.36,
15.27,15.76,13.17,
15.24,15.44,12.84,
15.31,14.41,12.29,
14.70,13.07,11.81,
13.74,12.53,11.16,
12.37,12.02,10.47,
11.58,11.73,9.61,
10.45,10.82,9.30,
10.37,10.13,8.60,
9.09,9.49,8.38,
8.74,8.94,7.53,
8.46,8.29,6.52,
8.82,7.78,5.90,
8.05,7.42,5.72,
7.61,6.70,5.34,
7.58,6.13,5.05,
6.97,5.64,4.78,
6.77,5.33,4.66,
6.14,5.07,4.49,
5.73,4.56,4.35,
5.46,4.12,4.15,
5.27,3.59,3.86,
4.88,3.24,3.74,
4.32,3.04,3.66,
4.04,2.62,3.38,
3.66,2.52,3.07,
3.36,2.06,2.70,
2.89,1.75,2.53,
2.52,1.71,2.36,
2.12,1.19,2.25,
2.06,1.06,2.10,
2.17,0.94,1.97,
1.90,0.85,1.91,
1.68,0.90,1.76,
1.52,0.77,1.60,
1.36,0.78,1.51,
1.21,0.60,1.30,
1.14,0.62,1.28,
1.08,0.63,1.12,
0.92,0.59,1.01,
0.76,0.49,0.95,
0.65,0.44,0.74,
0.59,0.35,0.59,
0.60,0.32,0.44,
0.36,0.35,0.38,
0.37,0.28,0.37,
0.35,0.20,0.34,
0.44,0.17,0.32,
0.45,0.13,0.32,
0.45,0.15,0.32,
0.47,0.14,0.34,
0.42,0.17,0.31,
0.39,0.16,0.27,
0.35,0.15,0.25,
0.41,0.07,0.23,
0.36,0.09,0.20,
0.48,0.09,0.18,
0.52,0.09,0.21,
0.38,0.06,0.25,
0.34,0.05,0.24,
0.35,0.01,0.20,
0.33,0.00,0.19,
0.21,0.00,0.20,
0.18,0.00,0.21,
0.13,0.00,0.24,
0.11,0.00,0.26,
0.12,0.00,0.22,
0.12,0.00,0.19,
0.14,0.00,0.18,
0.13,0.00,0.19,
0.12,0.00,0.11,
0.12,0.00,0.11,
0.09,0.00,0.11,
0.05,0.00,0.10,
0.05,0.00,0.11,
0.03,0.00,0.14,



































































































































































































































































































































































































































































































































































































































































































































































































































































































































