0,3,55
1,4,51
2,3,52
3,3,45
4,3,53
5,5,48
6,4,40
7,2,52
8,3,64
9,5,64
10,3,53
11,2,36
12,3,46
13,4,41
14,4,42
15,3,49
16,3,45
17,4,51
18,3,56
19,2,53
20,3,53
21,3,72
22,1,46
23,3,41
24,2,60
25,3,54
26,4,38
27,5,43
28,4,61
29,3,46
30,2,47
31,5,39
32,4,55
33,3,58
34,3,49
35,4,39
36,1,62
37,3,25
38,3,61
39,2,56
40,3,34
41,2,60
42,5,31
43,4,40
44,1,47
45,3,39
46,2,55
47,4,63
48,5,67
49,2,57
50,4,63
51,2,58
52,2,66
53,2,68
54,4,38
55,2,44
56,3,43
57,2,51
58,4,70
59,2,42
60,4,53
61,2,34
62,3,44
63,5,38
64,3,42
65,3,43
66,4,62
67,2,58
68,3,56
69,2,54
70,3,45
71,3,60
72,4,63
73,3,37
74,1,51
75,4,58
76,1,69
77,4,44
78,3,60
79,3,43
80,3,51
81,3,75
82,3,63
83,2,42
84,4,39
85,3,47
86,3,47
87,5,63
88,3,51
89,2,60
90,5,40
91,4,55
92,4,45
93,4,63
94,3,54
95,4,48
96,2,52
97,3,60
98,3,40
99,1,59
100,3,55
101,2,53
102,4,31
103,1,50
104,3,49
105,1,50
106,3,45
107,2,49
108,3,66
109,2,56
110,3,49
111,5,49
112,5,46
113,4,50
114,3,48
115,3,46
116,3,54
117,3,44
118,4,39
119,3,47
120,3,63
121,1,46
122,1,49
123,1,37
124,5,48
125,3,45
126,3,43
127,5,41
128,1,51
129,3,37
130,3,47
131,4,38
132,5,57
133,3,44
134,3,19
135,3,39
136,2,49
137,3,55
138,2,50
139,3,24
140,2,37
141,3,45
142,5,57
143,3,58
144,2,41
145,3,73
146,3,63
147,3,57
148,3,47
149,1,51
150,2,56
151,5,49
152,4,40
153,5,34
154,3,57
155,2,53
156,5,41
157,1,33
158,2,67
159,3,62
160,3,51
161,3,48
162,3,50
163,4,56
164,5,32
165,3,54
166,4,69
167,3,56
168,3,54
169,4,40
170,4,58
171,2,51
172,1,50
173,2,47
174,3,54
175,3,67
176,2,58
177,5,81
178,4,57
179,1,33
180,3,55
181,2,46
182,5,47
183,4,44
184,2,39
185,4,54
186,3,55
187,4,56
188,2,58
189,4,39
190,4,41
191,3,42
192,5,56
193,3,25
194,4,45
195,5,52
196,3,50
197,3,67
198,3,39
199,4,45
200,1,40
201,2,49
202,3,53
203,3,28
204,3,40
205,3,30
206,2,48
207,1,41
208,1,53
209,5,54
210,3,48
211,3,43
212,4,21
213,4,55
214,5,51
215,2,47
216,4,53
217,3,55
218,3,42
219,3,37
220,2,44
221,5,49
222,2,57
223,3,43
224,3,49
225,3,58
226,3,47
227,3,59
228,3,48
229,5,61
230,3,44
231,3,54
232,4,36
233,3,55
234,3,50
235,4,41
236,5,34
237,3,50
238,4,58
239,3,39
240,3,54
241,4,50
242,4,50
243,3,47
244,3,53
245,2,54
246,3,46
247,2,50
248,2,57
249,4,53
250,4,45
251,2,38
252,1,25
253,3,50
254,4,50
255,2,52
256,3,59
257,3,23
258,3,63
259,2,53
260,3,54
261,1,54
262,3,42
263,3,35
264,2,59
265,5,68
266,2,44
267,4,53
268,2,40
269,4,46
270,4,44
271,5,41
272,2,47
273,4,37
274,3,40
275,3,61
276,4,45
277,2,69
278,3,59
279,3,54
280,3,53
281,4,38
282,4,46
283,3,50
284,3,42
285,3,46
286,3,49
287,2,57
288,3,38
289,4,50
290,4,55
291,1,37
292,5,50
293,3,46
294,3,48
295,4,56
296,3,79
297,4,47
298,3,43
299,3,56
300,4,51
301,2,45
302,2,45
303,4,58
304,3,58
305,5,63
306,3,63
307,3,39
308,3,51
309,4,32
310,3,43
311,4,54
312,2,55
313,2,42
314,3,42
315,3,49
316,4,42
317,2,45
318,2,49
319,5,41
320,4,27
321,2,60
322,2,63
323,3,63
324,3,51
325,2,45
326,3,53
327,2,56
328,3,42
329,3,39
330,3,56
331,3,50
332,4,61
333,3,48
334,3,52
335,1,50
336,2,28
337,5,49
338,3,49
339,3,45
340,4,52
341,3,49
342,3,47
343,2,38
344,4,42
345,4,36
346,3,59
347,3,44
348,3,46
349,3,43
350,4,50
351,2,29
352,3,43
353,4,56
354,2,67
355,2,56
356,3,42
357,2,40
358,2,33
359,5,56
360,3,57
361,3,56
362,2,33
363,1,66
364,1,36
365,2,37
366,1,47
367,4,46
368,5,62
369,2,42
370,3,58
371,2,36
372,1,56
373,4,42
374,4,39
375,4,28
376,4,57
377,2,49
378,1,42
379,1,45
380,3,40
381,1,68
382,3,52
383,3,54
384,2,41
385,2,61
386,3,53
387,2,39
388,2,37
389,2,47
390,4,50
391,4,58
392,5,46
393,4,54
394,2,57
395,3,48
396,3,56
397,2,63
398,3,38
399,3,35
400,1,53
401,3,69
402,2,51
403,3,48
404,3,57
405,3,66
406,4,60
407,3,69
408,2,42
409,3,36
410,4,46
411,3,46
412,3,52
413,3,45
414,3,68
415,3,52
416,4,48
417,4,45
418,3,47
419,4,41
420,3,47
421,3,41
422,4,43
423,4,56
424,3,51
425,3,59
426,3,77
427,3,33
428,4,43
429,2,50
430,3,39
431,2,26
432,5,37
433,1,45
434,1,62
435,5,58
436,4,55
437,3,45
438,3,49
439,4,61
440,3,60
441,3,59
442,2,56
443,4,57
444,3,42
445,4,49
446,2,62
447,3,58
448,5,53
449,4,61
450,1,58
451,2,48
452,2,53
453,3,44
454,5,67
455,4,75
456,3,52
457,3,76
458,5,45
459,2,45
460,4,49
461,3,55
462,4,46
463,2,57
464,4,49
465,4,29
466,3,53
467,3,47
468,2,49
469,2,46
470,3,49
471,2,53
472,3,65
473,2,37
474,2,58
475,4,44
476,4,48
477,2,42
478,3,51
479,3,35
480,3,42
481,3,45
482,3,37
483,5,50
484,2,27
485,1,61
486,2,51
487,3,22
488,3,68
489,3,48
490,3,38
491,3,60
492,4,28
493,2,44
494,4,48
495,3,39
496,2,43
497,2,39
498,3,44
499,3,56
500,4,42
501,2,53
502,3,50
503,4,42
504,1,39
505,3,43
506,3,61
507,3,56
508,3,45
509,3,50
510,3,55
511,3,46
512,1,33
513,3,43
514,2,73
515,3,31
516,3,50
517,5,52
518,4,59
519,3,61
520,3,52
521,2,60
522,4,39
523,2,52
524,4,40
525,4,37
526,1,49
527,1,45
528,4,39
529,2,49
530,4,49
531,3,49
532,2,24
533,1,52
534,4,39
535,3,51
536,3,35
537,2,41
538,1,38
539,2,49
540,3,37
541,3,61
542,3,37
543,4,50
544,3,45
545,2,45
546,1,53
547,2,56
548,3,64
549,3,41
550,5,46
551,4,48
552,3,26
553,4,54
554,2,44
555,3,39
556,4,60
557,1,46
558,3,51
559,2,49
560,2,60
561,5,53
562,3,48
563,2,22
564,5,23
565,3,52
566,2,53
567,3,50
568,2,43
569,4,63
570,5,71
571,4,48
572,3,51
573,1,51
574,2,49
575,4,54
576,3,48
577,3,59
578,4,75
579,4,46
580,4,63
581,3,43
582,3,45
583,2,46
584,3,53
585,3,50
586,3,43
587,3,58
588,3,47
589,2,40
590,3,53
591,2,48
592,3,46
593,3,46
594,3,40
595,3,50
596,3,54
597,3,29
598,3,54
599,2,41
600,4,43
601,1,50
602,3,52
603,4,45
604,3,52
605,3,43
606,4,50
607,1,36
608,2,26
609,3,41
610,2,36
611,4,59
612,2,43
613,1,47
614,4,75
615,5,48
616,3,58
617,1,48
618,2,62
619,3,57
620,3,61
621,4,51
622,3,59
623,2,49
624,3,46
625,4,61
626,5,59
627,3,51
628,2,55
629,3,33
630,2,29
631,2,58
632,4,43
633,4,31
634,2,54
635,5,52
636,5,49
637,1,46
638,2,51
639,3,58
640,4,52
641,3,46
642,4,43
643,4,41
644,3,53
645,3,58
646,2,46
647,2,63
648,5,17
649,1,27
650,2,55
651,3,50
652,4,75
653,3,56
654,4,62
655,2,76
656,3,47
657,3,55
658,4,65
659,3,41
660,4,46
661,3,62
662,2,58
663,4,45
664,3,50
665,3,19
666,3,59
667,4,43
668,3,37
669,3,22
670,3,44
671,3,39
672,5,53
673,3,52
674,4,33
675,3,54
676,4,41
677,1,43
678,2,50
679,2,28
680,3,46
681,3,51
682,3,37
683,5,42
684,3,66
685,4,72
686,4,31
687,3,33
688,2,46
689,2,65
690,3,53
691,4,49
692,2,47
693,2,38
694,4,50
695,4,32
696,3,62
697,5,54
698,3,56
699,2,51
700,3,41
701,3,46
702,1,61
703,5,58
704,2,50
705,2,50
706,2,68
707,5,29
708,5,41
709,3,60
710,1,69
711,3,59
712,3,59
713,3,46
714,4,40
715,5,60
716,4,52
717,3,51
718,5,45
719,3,46
720,1,48
721,2,31
722,3,23
723,4,53
724,5,58
725,4,60
726,3,46
727,1,48
728,3,56
729,3,58
730,3,42
731,4,51
732,3,39
733,4,49
734,3,47
735,3,36
736,2,36
737,4,57
738,5,35
739,3,56
740,4,44
741,4,45
742,1,62
743,3,29
744,3,60
745,3,44
746,3,45
747,3,54
748,3,54
749,1,43
750,3,43
751,3,59
752,4,46
753,3,55
754,2,58
755,5,61
756,5,70
757,3,36
758,5,49
759,1,28
760,5,68
761,1,48
762,2,50
763,3,11
764,2,53
765,3,52
766,5,57
767,3,57
768,3,41
769,2,49
770,3,42
771,4,52
772,1,37
773,2,44
774,2,55
775,2,65
776,4,51
777,2,56
778,3,53
779,3,38
780,5,30
781,2,55
782,2,59
783,3,42
784,4,55
785,1,50
786,2,55
787,4,55
788,3,51
789,3,56
790,4,44
791,4,27
792,3,44
793,2,52
794,2,59
795,4,37
796,1,61
797,3,32
798,4,61
799,4,39
800,3,62
801,3,44
802,3,53
803,4,29
804,4,60
805,1,40
806,3,42
807,2,52
808,3,51
809,2,44
810,4,53
811,3,49
812,4,50
813,3,54
814,3,66
815,3,70
816,3,44
817,3,70
818,2,44
819,2,37
820,5,47
821,3,44
822,3,40
823,2,37
824,1,53
825,4,36
826,3,44
827,5,48
828,1,42
829,4,49
830,2,42
831,1,54
832,4,55
833,3,64
834,2,40
835,3,65
836,5,31
837,3,48
838,3,56
839,2,52
840,3,47
841,3,57
842,3,52
843,3,46
844,3,42
845,3,56
846,3,39
847,1,57
848,4,49
849,4,40
850,3,47
851,4,30
852,2,28
853,3,37
854,3,50
855,1,56
856,3,25
857,4,42
858,2,56
859,4,40
860,3,46
861,3,65
862,3,52
863,2,44
864,3,48
865,3,33
866,3,68
867,4,62
868,3,66
869,5,48
870,3,29
871,2,63
872,2,41
873,4,23
874,2,44
875,4,51
876,3,61
877,2,58
878,3,42
879,3,44
880,4,41
881,3,51
882,2,34
883,4,47
884,2,41
885,3,42
886,4,54
887,4,51
888,4,51
889,4,69
890,3,53
891,2,45
892,2,43
893,2,50
894,4,52
895,4,50
896,3,52
897,3,55
898,4,51
899,3,59
900,4,45
901,3,71
902,2,59
903,2,41
904,3,53
905,4,73
906,3,44
907,2,35
908,5,64
909,3,51
910,5,42
911,3,49
912,3,60
913,4,50
914,3,54
915,3,53
916,3,47
917,2,55
918,2,46
919,3,42
920,3,54
921,3,49
922,5,52
923,1,53
924,5,46
925,3,56
926,3,39
927,2,53
928,3,37
929,3,52
930,4,52
931,3,51
932,3,39
933,2,41
934,1,42
935,3,48
936,1,55
937,3,36
938,5,43
939,3,40
940,3,42
941,2,42
942,1,62
943,3,52
944,1,53
945,5,57
946,5,56
947,2,43
948,2,35
949,2,56
950,5,52
951,4,45
952,1,42
953,3,53
954,4,64
955,5,62
956,2,55
957,4,33
958,4,43
959,3,48
960,1,39
961,5,42
962,3,45
963,3,44
964,3,43
965,2,51
966,3,59
967,3,49
968,5,45
969,2,52
970,1,54
971,3,57
972,3,37
973,3,46
974,3,52
975,4,50
976,4,65
977,3,49
978,3,67
979,3,73
980,4,43
981,3,53
982,1,41
983,3,52
984,2,33
985,5,47
986,2,50
987,2,58
988,4,44
989,3,41
990,4,60
991,4,43
992,1,40
993,4,64
994,3,43
995,3,57
996,3,32
997,3,42
998,4,56
999,3,65
1000,3,24
1001,4,58
1002,2,52
1003,3,35
1004,3,46
1005,4,34
1006,4,53
1007,4,51
1008,1,41
1009,5,48
1010,5,72
1011,3,51
1012,2,54
1013,4,72
1014,2,71
1015,3,52
1016,3,58
1017,3,30
1018,2,44
1019,2,57
1020,1,60
1021,4,53
1022,2,47
1023,3,44
1024,3,53
1025,2,59
1026,2,45
1027,2,38
1028,4,51
1029,4,46
1030,1,55
1031,1,72
1032,2,33
1033,3,27
1034,5,52
1035,4,33
1036,3,49
1037,1,44
1038,3,33
1039,2,47
1040,4,63
1041,4,42
1042,5,77
1043,3,50
1044,3,62
1045,2,31
1046,5,40
1047,3,53
1048,2,53
1049,3,47
1050,2,38
1051,3,58
1052,5,72
1053,5,39
1054,3,46
1055,3,30
1056,2,59
1057,3,42
1058,4,34
1059,3,53
1060,4,45
1061,3,39
1062,3,66
1063,3,54
1064,3,51
1065,2,43
1066,2,46
1067,2,45
1068,4,65
1069,3,60
1070,2,48
1071,4,28
1072,2,53
1073,1,51
1074,4,47
1075,3,53
1076,4,65
1077,4,50
1078,3,55
1079,3,32
1080,3,54
1081,2,48
1082,5,51
1083,3,49
1084,3,65
1085,2,37
1086,5,31
1087,2,71
1088,2,57
1089,3,51
1090,3,61
1091,1,55
1092,5,52
1093,2,58
1094,3,36
1095,4,41
1096,3,64
1097,3,48
1098,2,53
1099,2,49
1100,1,50
1101,3,56
1102,5,43
1103,4,47
1104,2,61
1105,2,51
1106,2,58
1107,4,61
1108,4,43
1109,3,59
1110,3,58
1111,2,57
1112,4,45
1113,3,48
1114,3,40
1115,2,52
1116,3,65
1117,3,66
1118,3,44
1119,3,63
1120,2,52
1121,1,41
1122,3,34
1123,3,28
1124,5,55
1125,2,61
1126,1,47
1127,3,49
1128,4,73
1129,1,38
1130,3,53
1131,3,44
1132,5,42
1133,1,55
1134,5,47
1135,4,53
1136,4,58
1137,1,61
1138,1,53
1139,5,52
1140,4,28
1141,5,45
1142,1,45
1143,2,38
1144,2,49
1145,2,55
1146,4,59
1147,3,57
1148,4,70
1149,5,58
1150,3,36
1151,3,38
1152,3,44
1153,3,42
1154,4,56
1155,3,54
1156,4,48
1157,2,53
1158,2,49
1159,4,53
1160,3,55
1161,4,50
1162,5,48
1163,4,46
1164,4,48
1165,3,58
1166,1,52
1167,3,55
1168,1,63
1169,3,50
1170,2,69
1171,2,19
1172,4,53
1173,5,50
1174,5,55
1175,5,40
1176,2,51
1177,3,55
1178,4,52
1179,1,57
1180,3,62
1181,5,58
1182,3,51
1183,3,45
1184,4,69
1185,2,63
1186,3,56
1187,4,54
1188,5,55
1189,3,37
1190,3,51
1191,4,34
1192,3,43
1193,1,38
1194,3,44
1195,2,48
1196,1,54
1197,3,49
1198,3,58
1199,5,57
1200,3,68
1201,5,35
1202,3,66
1203,3,60
1204,5,55
1205,3,57
1206,4,36
1207,2,55
1208,4,60
1209,3,52
1210,5,62
1211,2,35
1212,4,40
1213,3,46
1214,3,67
1215,1,37
1216,3,41
1217,3,24
1218,1,38
1219,2,52
1220,2,38
1221,1,56
1222,3,40
1223,5,56
1224,3,59
1225,3,45
1226,3,51
1227,3,54
1228,3,54
1229,3,49
1230,5,60
1231,1,28
1232,3,58
1233,4,56
1234,2,59
1235,4,56
1236,2,43
1237,3,36
1238,5,23
1239,1,62
1240,3,55
1241,3,50
1242,2,59
1243,4,25
1244,3,43
1245,3,47
1246,2,51
1247,2,45
1248,2,47
1249,3,49
1250,2,53
1251,5,80
1252,3,42
1253,4,39
1254,1,56
1255,3,40
1256,3,35
1257,4,51
1258,5,46
1259,2,45
1260,3,52
1261,3,38
1262,1,63
1263,1,61
1264,3,40
1265,3,32
1266,1,51
1267,4,51
1268,5,53
1269,4,37
1270,4,60
1271,3,29
1272,3,50
1273,3,33
1274,3,41
1275,3,57
1276,1,56
1277,1,51
1278,1,54
1279,2,35
1280,4,40
1281,3,45
1282,2,81
1283,5,74
1284,5,57
1285,5,46
1286,5,42
1287,2,40
1288,4,41
1289,2,45
1290,5,53
1291,4,50
1292,3,49
1293,2,41
1294,3,44
1295,4,69
1296,3,48
1297,3,51
1298,4,52
1299,2,66
1300,2,49
1301,3,52
1302,1,58
1303,1,63
1304,3,53
1305,2,61
1306,4,52
1307,3,59
1308,5,40
1309,4,51
1310,4,66
1311,4,40
1312,3,53
1313,3,57
1314,4,51
1315,3,50
1316,2,47
1317,2,46
1318,4,54
1319,5,28
1320,1,56
1321,2,56
1322,3,56
1323,2,67
1324,4,54
1325,4,46
1326,2,58
1327,3,54
1328,3,57
1329,4,69
1330,3,66
1331,2,49
1332,3,47
1333,3,27
1334,2,53
1335,3,61
1336,4,55
1337,3,58
1338,4,40
1339,5,68
1340,3,45
1341,3,59
1342,2,60
1343,5,66
1344,1,54
1345,3,33
1346,3,50
1347,2,55
1348,2,43
1349,1,40
1350,3,43
1351,5,64
1352,5,41
1353,4,61
1354,3,58
1355,4,51
1356,3,42
1357,5,39
1358,2,66
1359,3,52
1360,4,75
1361,5,42
1362,4,52
1363,3,52
1364,3,57
1365,1,54
1366,2,50
1367,4,40
1368,2,45
1369,2,38
1370,5,54
1371,2,51
1372,2,35
1373,3,46
1374,3,45
1375,3,49
1376,3,71
1377,3,37
1378,5,48
1379,4,62
1380,4,60
1381,5,69
1382,3,51
1383,4,61
1384,4,60
1385,2,45
1386,2,41
1387,3,59
1388,5,49
1389,2,34
1390,4,41
1391,4,48
1392,3,61
1393,4,65
1394,1,34
1395,4,30
1396,4,42
1397,3,56
1398,3,38
1399,3,53
1400,2,53
1401,2,54
1402,4,52
1403,4,63
1404,3,36
1405,3,57
1406,2,54
1407,4,31
1408,3,59
1409,4,41
1410,3,29
1411,4,43
1412,4,38
1413,1,57
1414,3,45
1415,2,49
1416,4,59
1417,3,67
1418,3,52
1419,1,43
1420,3,49
1421,3,57
1422,3,63
1423,5,51
1424,5,26
1425,2,50
1426,3,44
1427,3,61
1428,3,66
1429,2,54
1430,5,51
1431,4,55
1432,3,43
1433,2,41
1434,4,40
1435,3,56
1436,3,47
1437,2,63
1438,3,62
1439,5,65
1440,3,36
1441,3,58
1442,2,55
1443,2,56
1444,4,55
1445,2,27
1446,5,42
1447,4,48
1448,1,40
1449,4,48
1450,3,41
1451,3,65
1452,4,51
1453,3,61
1454,2,59
1455,3,35
1456,4,33
1457,3,70
1458,2,63
1459,1,54
1460,3,61
1461,5,38
1462,5,48
1463,4,54
1464,1,46
1465,3,57
1466,3,48
1467,1,28
1468,1,43
1469,4,47
1470,5,39
1471,5,54
1472,4,40
1473,1,61
1474,3,45
1475,2,39
1476,2,31
1477,2,48
1478,2,46
1479,1,54
1480,4,50
1481,2,43
1482,2,67
1483,4,56
1484,2,55
1485,4,58
1486,3,60
1487,3,56
1488,5,60
1489,3,41
1490,3,59
1491,2,24
1492,3,48
1493,5,41
1494,1,62
1495,2,61
1496,3,36
1497,3,41
1498,3,64
1499,3,69
1500,3,46
1501,3,39
1502,2,48
1503,3,50
1504,4,43
1505,2,53
1506,2,49
1507,2,42
1508,3,48
1509,5,47
1510,2,49
1511,2,64
1512,5,58
1513,2,53
1514,1,53
1515,4,30
1516,3,51
1517,3,37
1518,5,50
1519,3,43
1520,1,51
1521,2,43
1522,2,47
1523,4,38
1524,3,54
1525,5,45
1526,3,28
1527,4,60
1528,1,53
1529,3,50
1530,3,44
1531,4,55
1532,3,54
1533,2,63
1534,1,40
1535,3,53
1536,4,28
1537,3,52
1538,3,57
1539,4,71
1540,3,59
1541,3,53
1542,3,47
1543,2,43
1544,3,69
1545,3,30
1546,4,71
1547,1,39
1548,3,45
1549,1,56
1550,3,65
1551,2,55
1552,4,36
1553,4,40
1554,3,57
1555,3,45
1556,1,53
1557,4,54
1558,4,40
1559,2,49
1560,3,41
1561,3,53
1562,3,36
1563,3,54
1564,1,40
1565,2,61
1566,2,63
1567,2,51
1568,2,71
1569,3,63
1570,1,38
1571,3,45
1572,3,39
1573,3,52
1574,3,57
1575,2,54
1576,2,51
1577,5,56
1578,3,39
1579,3,50
1580,3,46
1581,3,44
1582,2,50
1583,3,60
1584,4,50
1585,3,49
1586,3,41
1587,3,53
1588,1,50
1589,4,56
1590,2,50
1591,2,49
1592,3,56
1593,5,54
1594,3,40
1595,2,45
1596,2,30
1597,4,60
1598,3,42
1599,3,52
1600,3,48
1601,4,39
1602,4,43
1603,3,55
1604,4,39
1605,4,55
1606,1,58
1607,3,59
1608,4,47
1609,4,58
1610,1,47
1611,2,50
1612,2,48
1613,3,40
1614,2,50
1615,3,41
1616,3,47
1617,3,57
1618,1,43
1619,4,33
1620,3,48
1621,5,41
1622,3,49
1623,5,56
1624,1,45
1625,4,57
1626,3,55
1627,3,51
1628,3,50
1629,1,41
1630,1,41
1631,2,47
1632,2,55
1633,1,45
1634,4,47
1635,3,36
1636,4,59
1637,5,48
1638,3,43
1639,4,68
1640,3,46
1641,3,49
1642,2,53
1643,1,51
1644,1,53
1645,5,56
1646,1,45
1647,2,44
1648,1,57
1649,4,62
1650,2,48
1651,3,49
1652,3,46
1653,3,60
1654,3,59
1655,5,52
1656,2,29
1657,4,45
1658,4,42
1659,4,62
1660,4,51
1661,3,61
1662,3,45
1663,2,46
1664,2,70
1665,3,51
1666,4,55
1667,3,50
1668,3,35
1669,2,60
1670,2,42
1671,5,44
1672,4,62
1673,1,40
1674,2,59
1675,2,46
1676,2,35
1677,4,52
1678,3,58
1679,2,31
1680,4,39
1681,2,52
1682,4,64
1683,1,42
1684,3,66
1685,3,44
1686,3,49
1687,5,67
1688,3,61
1689,3,38
1690,3,47
1691,3,66
1692,5,40
1693,3,44
1694,4,44
1695,2,54
1696,2,73
1697,3,58
1698,4,40
1699,4,46
1700,2,30
1701,3,58
1702,4,64
1703,4,36
1704,3,57
1705,3,62
1706,4,46
1707,3,44
1708,1,26
1709,2,51
1710,2,49
1711,5,41
1712,4,44
1713,2,53
1714,3,58
1715,2,44
1716,3,50
1717,4,48
1718,3,60
1719,5,53
1720,3,63
1721,3,46
1722,5,60
1723,2,52
1724,3,53
1725,4,57
1726,4,48
1727,3,65
1728,4,47
1729,3,41
1730,4,55
1731,3,58
1732,3,58
1733,2,73
1734,3,46
1735,3,58
1736,3,38
1737,4,73
1738,1,35
1739,3,54
1740,3,40
1741,5,57
1742,3,38
1743,5,47
1744,3,68
1745,3,38
1746,3,50
1747,4,58
1748,4,41
1749,5,48
1750,3,53
1751,3,48
1752,5,37
1753,5,46
1754,2,45
1755,2,51
1756,2,55
1757,5,33
1758,3,55
1759,2,59
1760,3,63
1761,2,58
1762,4,56
1763,2,35
1764,3,59
1765,1,51
1766,4,41
1767,3,57
1768,2,49
1769,3,51
1770,5,52
1771,3,40
1772,2,51
1773,3,39
1774,3,48
1775,3,58
1776,2,56
1777,2,20
1778,3,54
1779,3,37
1780,4,57
1781,1,38
1782,4,33
1783,5,59
1784,3,46
1785,3,20
1786,1,37
1787,4,41
1788,5,48
1789,4,55
1790,3,56
1791,3,40
1792,5,42
1793,3,53
1794,5,34
1795,4,50
1796,2,47
1797,3,44
1798,2,47
1799,5,36
1800,3,56
1801,3,56
1802,3,35
1803,2,47
1804,4,46
1805,2,49
1806,2,44
1807,1,50
1808,5,37
1809,3,65
1810,4,60
1811,3,55
1812,3,48
1813,2,47
1814,4,47
1815,1,46
1816,2,42
1817,1,60
1818,4,26
1819,3,52
1820,4,43
1821,3,46
1822,3,44
1823,2,40
1824,5,49
1825,3,51
1826,2,63
1827,4,46
1828,4,39
1829,3,48
1830,4,40
1831,3,51
1832,3,43
1833,3,42
1834,2,40
1835,2,81
1836,2,55
1837,5,53
1838,3,47
1839,3,49
1840,2,48
1841,3,53
1842,3,88
1843,2,44
1844,3,60
1845,3,51
1846,1,50
1847,3,41
1848,3,56
1849,3,38
1850,4,61
1851,2,60
1852,4,50
1853,4,51
1854,2,63
1855,1,32
1856,3,44
1857,5,63
1858,3,53
1859,2,47
1860,1,43
1861,4,55
1862,3,70
1863,4,57
1864,3,44
1865,4,44
1866,2,32
1867,4,71
1868,3,42
1869,3,38
1870,3,59
1871,3,66
1872,3,51
1873,3,38
1874,4,62
1875,5,52
1876,3,57
1877,5,51
1878,4,53
1879,5,50
1880,3,58
1881,4,43
1882,3,44
1883,2,51
1884,4,58
1885,1,54
1886,3,62
1887,3,63
1888,1,55
1889,4,59
1890,3,61
1891,1,51
1892,5,78
1893,4,48
1894,2,65
1895,2,47
1896,3,43
1897,3,46
1898,4,62
1899,3,47
1900,4,50
1901,3,60
1902,5,38
1903,4,48
1904,2,47
1905,4,67
1906,4,40
1907,5,51
1908,3,58
1909,3,52
1910,3,47
1911,3,50
1912,1,35
1913,3,56
1914,3,52
1915,4,43
1916,3,38
1917,3,42
1918,3,39
1919,4,49
1920,1,41
1921,4,36
1922,3,69
1923,3,44
1924,5,44
1925,3,43
1926,4,52
1927,4,40
1928,3,69
1929,1,48
1930,3,51
1931,3,56
1932,2,29
1933,4,38
1934,4,42
1935,3,47
1936,1,54
1937,3,36
1938,2,55
1939,2,40
1940,3,34
1941,4,53
1942,3,57
1943,3,61
1944,2,66
1945,4,51
1946,4,45
1947,3,30
1948,5,61
1949,1,57
1950,3,58
1951,2,49
1952,3,50
1953,3,54
1954,3,42
1955,3,54
1956,2,44
1957,1,51
1958,2,29
1959,3,43
1960,3,47
1961,5,29
1962,4,58
1963,3,54
1964,4,60
1965,3,63
1966,5,41
1967,4,38
1968,2,52
1969,1,39
1970,2,47
1971,3,38
1972,2,36
1973,4,42
1974,5,52
1975,1,56
1976,5,43
1977,3,48
1978,4,52
1979,3,57
1980,5,33
1981,3,62
1982,3,34
1983,1,60
1984,2,49
1985,4,38
1986,5,47
1987,3,50
1988,2,73
1989,3,49
1990,3,42
1991,1,54
1992,2,51
1993,2,51
1994,2,48
1995,3,44
1996,5,51
1997,1,37
1998,5,39
1999,3,47
2000,4,52
2001,4,59
2002,3,56
2003,3,50
2004,3,52
2005,1,56
2006,3,46
2007,2,60
2008,2,53
2009,4,58
2010,3,53
2011,2,55
2012,2,76
2013,4,53
2014,3,61
2015,4,45
2016,4,50
2017,2,62
2018,3,29
2019,5,44
2020,5,45
2021,4,42
2022,3,48
2023,4,65
2024,3,46
2025,3,37
2026,1,34
2027,4,59
2028,4,40
2029,3,40
2030,1,55
2031,4,43
2032,5,58
2033,3,62
2034,2,51
2035,1,71
2036,4,44
2037,3,44
2038,2,52
2039,5,50
2040,3,55
2041,2,27
2042,4,66
2043,3,55
2044,3,53
2045,3,50
2046,5,46
2047,4,46
2048,4,62
2049,3,36
2050,5,43
2051,2,55
2052,2,55
2053,4,40
2054,3,59
2055,3,52
2056,3,42
2057,3,49
2058,5,46
2059,2,52
2060,3,20
2061,2,46
2062,1,56
2063,3,50
2064,1,52
2065,5,46
2066,3,41
2067,4,45
2068,5,55
2069,3,46
2070,3,41
2071,1,53
2072,1,53
2073,1,36
2074,4,45
2075,2,50
2076,3,41
2077,3,53
2078,3,32
2079,2,55
2080,3,49
2081,4,56
2082,3,44
2083,3,59
2084,2,44
2085,1,65
2086,1,67
2087,3,48
2088,2,52
2089,2,43
2090,3,80
2091,2,50
2092,5,53
2093,2,39
2094,2,53
2095,4,51
2096,3,36
2097,4,41
2098,3,53
2099,2,46
2100,3,53
2101,3,48
2102,4,53
2103,4,45
2104,4,31
2105,1,53
2106,2,30
2107,3,30
2108,2,43
2109,5,53
2110,3,39
2111,5,42
2112,4,58
2113,3,37
2114,4,45
2115,1,51
2116,3,62
2117,4,37
2118,1,52
2119,3,59
2120,5,41
2121,5,33
2122,3,38
2123,3,46
2124,4,24
2125,3,52
2126,1,62
2127,3,60
2128,3,52
2129,3,49
2130,3,65
2131,4,40
2132,3,42
2133,4,62
2134,4,56
2135,3,46
2136,3,53
2137,1,51
2138,5,35
2139,4,28
2140,2,36
2141,2,54
2142,3,41
2143,3,42
2144,2,43
2145,4,56
2146,4,49
2147,4,50
2148,3,46
2149,3,44
2150,1,57
2151,3,47
2152,4,42
2153,4,53
2154,1,60
2155,3,64
2156,3,43
2157,2,41
2158,5,56
2159,3,37
2160,5,42
2161,3,77
2162,5,45
2163,5,48
2164,1,38
2165,3,50
2166,2,59
2167,3,36
2168,2,53
2169,4,59
2170,4,37
2171,3,62
2172,3,67
2173,3,60
2174,2,56
2175,1,38
2176,1,51
2177,3,49
2178,3,46
2179,3,41
2180,2,45
2181,2,61
2182,3,56
2183,5,47
2184,2,56
2185,3,35
2186,3,19
2187,2,57
2188,5,41
2189,4,43
2190,3,40
2191,3,36
2192,3,38
2193,4,48
2194,3,55
2195,5,64
2196,4,54
2197,1,43
2198,3,41
2199,4,32
2200,2,42
2201,2,49
2202,4,63
2203,3,36
2204,2,36
2205,3,36
2206,2,58
2207,2,55
2208,4,35
2209,3,54
2210,4,37
2211,3,62
2212,4,70
2213,4,45
2214,1,49
2215,4,56
2216,5,65
2217,2,58
2218,3,65
2219,5,55
2220,3,47
2221,3,56
2222,2,49
2223,4,51
2224,3,66
2225,3,51
2226,5,38
2227,1,45
2228,4,32
2229,2,42
2230,4,51
2231,4,41
2232,1,53
2233,4,47
2234,1,44
2235,1,53
2236,1,40
2237,3,48
2238,4,48
2239,2,43
2240,2,55
2241,4,63
2242,5,40
2243,4,56
2244,3,56
2245,3,48
2246,2,37
2247,5,54
2248,1,43
2249,2,40
2250,1,64
2251,4,52
2252,2,32
2253,3,53
2254,3,61
2255,2,57
2256,2,51
2257,4,62
2258,1,54
2259,3,35
2260,4,61
2261,1,64
2262,3,37
2263,3,38
2264,3,57
2265,5,50
2266,3,51
2267,4,58
2268,3,51
2269,3,52
2270,4,50
2271,3,58
2272,5,49
2273,3,48
2274,3,46
2275,1,57
2276,3,52
2277,2,69
2278,4,51
2279,4,29
2280,4,47
2281,1,58
2282,4,47
2283,3,47
2284,4,44
2285,2,62
2286,4,48
2287,5,29
2288,3,49
2289,4,35
2290,3,69
2291,2,52
2292,2,45
2293,3,40
2294,2,47
2295,4,55
2296,2,37
2297,2,30
2298,3,44
2299,3,45
2300,1,38
2301,4,40
2302,1,56
2303,1,51
2304,1,45
2305,3,41
2306,5,61
2307,3,62
2308,2,57
2309,3,51
2310,3,43
2311,3,54
2312,3,64
2313,2,21
2314,5,50
2315,2,22
2316,5,41
2317,4,40
2318,5,61
2319,1,50
2320,3,43
2321,3,42
2322,2,43
2323,4,37
2324,2,59
2325,3,43
2326,2,37
2327,3,68
2328,4,57
2329,4,62
2330,1,60
2331,3,47
2332,3,54
2333,4,47
2334,5,57
2335,4,34
2336,1,56
2337,2,56
2338,3,59
2339,3,37
2340,3,48
2341,2,45
2342,4,54
2343,3,36
2344,3,51
2345,2,51
2346,2,53
2347,2,31
2348,4,45
2349,2,55
2350,1,43
2351,4,42
2352,2,74
2353,3,56
2354,3,57
2355,4,55
2356,3,59
2357,4,54
2358,2,52
2359,2,30
2360,3,62
2361,4,63
2362,5,46
2363,3,27
2364,4,43
2365,4,54
2366,4,66
2367,2,57
2368,2,58
2369,4,50
2370,3,42
2371,5,46
2372,3,46
2373,2,57
2374,5,61
2375,3,62
2376,3,45
2377,1,58
2378,1,47
2379,3,50
2380,3,51
2381,5,55
2382,3,55
2383,3,43
2384,3,49
2385,4,67
2386,2,56
2387,2,66
2388,2,77
2389,5,45
2390,3,41
2391,2,59
2392,5,42
2393,2,55
2394,5,42
2395,3,67
2396,1,44
2397,2,54
2398,3,75
2399,4,51
2400,3,38
2401,3,56
2402,2,37
2403,2,46
2404,2,30
2405,3,49
2406,1,38
2407,1,47
2408,4,59
2409,4,54
2410,2,32
2411,5,57
2412,2,33
2413,3,71
2414,1,46
2415,3,26
2416,3,68
2417,5,59
2418,5,50
2419,5,64
2420,5,44
2421,4,59
2422,4,54
2423,3,72
2424,2,52
2425,3,53
2426,3,51
2427,3,57
2428,1,42
2429,4,49
2430,3,58
2431,1,61
2432,3,56
2433,5,49
2434,5,36
2435,2,51
2436,3,56
2437,4,60
2438,1,67
2439,1,31
2440,3,49
2441,4,50
2442,2,53
2443,5,45
2444,1,54
2445,4,39
2446,3,28
2447,2,55
2448,2,54
2449,3,50
2450,1,43
2451,5,58
2452,5,50
2453,3,49
2454,3,50
2455,1,45
2456,3,57
2457,5,52
2458,4,38
2459,3,55
2460,3,56
2461,2,58
2462,4,35
2463,5,63
2464,3,55
2465,4,63
2466,3,47
2467,1,59
2468,3,52
2469,2,49
2470,2,49
2471,3,60
2472,4,48
2473,2,39
2474,3,50
2475,3,54
2476,3,43
2477,1,30
2478,5,58
2479,2,46
2480,3,62
2481,5,49
2482,3,45
2483,1,62
2484,2,49
2485,4,56
2486,2,46
2487,2,43
2488,2,28
2489,3,40
2490,3,44
2491,3,46
2492,5,50
2493,1,39
2494,4,47
2495,3,49
2496,1,58
2497,3,49
2498,3,55
2499,1,46
2500,3,43
2501,3,54
2502,1,47
2503,3,58
2504,1,37
2505,3,40
2506,2,50
2507,1,36
2508,3,44
2509,3,51
2510,2,59
2511,3,51
2512,5,58
2513,3,39
2514,2,44
2515,3,64
2516,3,40
2517,4,47
2518,5,35
2519,4,51
2520,5,36
2521,4,46
2522,3,22
2523,4,46
2524,3,48
2525,3,47
2526,4,45
2527,1,51
2528,1,36
2529,3,38
2530,2,59
2531,1,64
2532,1,48
2533,2,37
2534,3,53
2535,1,46
2536,4,52
2537,3,50
2538,3,50
2539,3,56
2540,2,69
2541,3,59
2542,3,41
2543,3,43
2544,4,54
2545,3,61
2546,2,60
2547,3,53
2548,2,65
2549,5,56
2550,2,45
2551,3,48
2552,3,45
2553,5,41
2554,4,49
2555,3,56
2556,3,76
2557,3,46
2558,3,45
2559,2,42
2560,3,49
2561,2,62
2562,3,60
2563,3,62
2564,2,45
2565,3,45
2566,2,47
2567,4,47
2568,2,71
2569,3,49
2570,5,55
2571,5,66
2572,1,58
2573,2,39
2574,4,45
2575,3,39
2576,3,57
2577,2,49
2578,3,52
2579,3,37
2580,3,45
2581,2,49
2582,4,50
2583,1,73
2584,3,61
2585,2,46
2586,4,47
2587,3,31
2588,1,56
2589,2,53
2590,3,51
2591,2,47
2592,5,52
2593,3,30
2594,3,52
2595,2,76
2596,3,39
2597,3,53
2598,4,43
2599,5,54
2600,3,58
2601,2,52
2602,3,67
2603,4,70
2604,3,60
2605,3,47
2606,4,41
2607,3,62
2608,3,46
2609,4,55
2610,3,50
2611,5,27
2612,3,30
2613,2,39
2614,4,54
2615,3,44
2616,2,58
2617,5,37
2618,2,34
2619,5,38
2620,3,57
2621,3,62
2622,4,51
2623,3,52
2624,4,40
2625,3,50
2626,2,51
2627,1,41
2628,3,41
2629,4,40
2630,4,40
2631,3,73
2632,1,44
2633,5,66
2634,3,45
2635,3,55
2636,1,52
2637,3,45
2638,3,37
2639,4,42
2640,3,56
2641,4,38
2642,2,53
2643,2,49
2644,2,27
2645,3,44
2646,3,44
2647,4,39
2648,3,27
2649,4,32
2650,3,50
2651,4,66
2652,3,52
2653,1,45
2654,3,57
2655,1,51
2656,3,33
2657,4,49
2658,1,63
2659,4,48
2660,3,54
2661,5,35
2662,4,36
2663,3,56
2664,4,55
2665,2,54
2666,1,47
2667,2,64
2668,2,44
2669,5,48
2670,5,42
2671,4,61
2672,2,49
2673,3,51
2674,3,39
2675,3,24
2676,3,45
2677,4,27
2678,3,52
2679,2,39
2680,1,39
2681,3,40
2682,1,59
2683,4,50
2684,3,46
2685,4,44
2686,2,45
2687,5,75
2688,4,47
2689,1,62
2690,3,46
2691,3,55
2692,2,67
2693,3,40
2694,3,59
2695,3,43
2696,1,54
2697,5,51
2698,2,50
2699,3,48
2700,5,36
2701,3,53
2702,3,67
2703,4,44
2704,3,46
2705,3,37
2706,2,62
2707,1,38
2708,3,60
2709,5,24
2710,3,51
2711,2,25
2712,3,44
2713,4,46
2714,4,56
2715,2,57
2716,3,68
2717,3,58
2718,4,57
2719,3,42
2720,4,50
2721,2,45
2722,3,64
2723,2,41
2724,2,60
2725,3,52
2726,4,47
2727,1,34
2728,3,69
2729,3,44
2730,3,56
2731,2,82
2732,3,59
2733,2,64
2734,5,45
2735,3,39
2736,1,39
2737,5,56
2738,2,42
2739,2,59
2740,4,59
2741,3,35
2742,3,55
2743,3,46
2744,3,47
2745,3,67
2746,3,72
2747,3,34
2748,4,34
2749,4,46
2750,2,36
2751,3,63
2752,3,66
2753,2,83
2754,5,45
2755,3,27
2756,3,44
2757,1,46
2758,3,51
2759,3,50
2760,2,37
2761,2,62
2762,2,68
2763,4,64
2764,1,40
2765,3,36
2766,3,31
2767,5,48
2768,5,50
2769,5,44
2770,3,62
2771,2,61
2772,3,48
2773,2,59
2774,5,43
2775,5,42
2776,3,68
2777,3,48
2778,3,41
2779,2,48
2780,3,43
2781,3,49
2782,3,44
2783,3,48
2784,1,48
2785,5,45
2786,4,39
2787,5,43
2788,2,64
2789,5,47
2790,3,42
2791,2,39
2792,1,48
2793,3,31
2794,3,53
2795,4,49
2796,4,53
2797,4,39
2798,5,46
2799,1,52
2800,4,34
2801,3,56
2802,1,40
2803,3,40
2804,3,57
2805,4,49
2806,3,30
2807,4,45
2808,2,64
2809,4,35
2810,4,61
2811,1,41
2812,3,58
2813,3,42
2814,5,43
2815,3,45
2816,4,38
2817,3,49
2818,2,62
2819,2,60
2820,4,62
2821,4,62
2822,1,48
2823,2,62
2824,3,62
2825,2,33
2826,1,56
2827,4,42
2828,4,47
2829,3,47
2830,1,42
2831,3,45
2832,1,52
2833,1,33
2834,2,58
2835,3,61
2836,2,55
2837,1,44
2838,4,41
2839,3,58
2840,2,36
2841,2,43
2842,2,63
2843,2,54
2844,2,71
2845,5,32
2846,3,37
2847,3,59
2848,2,48
2849,3,52
2850,3,55
2851,5,32
2852,4,41
2853,3,40
2854,5,55
2855,5,42
2856,2,56
2857,3,62
2858,3,49
2859,3,55
2860,3,32
2861,3,48
2862,3,33
2863,2,46
2864,2,42
2865,2,69
2866,3,45
2867,4,32
2868,3,53
2869,3,40
2870,4,27
2871,5,44
2872,3,24
2873,5,34
2874,3,53
2875,4,46
2876,3,53
2877,1,51
2878,3,52
2879,3,51
2880,4,63
2881,4,38
2882,2,56
2883,4,53
2884,4,49
2885,4,48
2886,2,73
2887,1,54
2888,4,45
2889,3,54
2890,3,46
2891,5,63
2892,4,26
2893,1,69
2894,3,50
2895,3,58
2896,4,28
2897,3,56
2898,5,58
2899,4,58
2900,2,49
2901,2,44
2902,4,57
2903,3,55
2904,2,57
2905,2,40
2906,2,38
2907,3,62
2908,4,39
2909,2,46
2910,3,61
2911,3,68
2912,3,60
2913,3,56
2914,2,52
2915,2,48
2916,3,37
2917,1,61
2918,3,46
2919,5,46
2920,3,30
2921,3,37
2922,3,46
2923,5,34
2924,5,45
2925,1,51
2926,4,35
2927,4,41
2928,3,49
2929,2,48
2930,3,56
2931,2,59
2932,3,60
2933,3,61
2934,3,38
2935,4,47
2936,3,47
2937,1,44
2938,3,50
2939,3,61
2940,4,61
2941,3,33
2942,3,59
2943,3,40
2944,3,54
2945,3,42
2946,3,36
2947,4,41
2948,1,58
2949,2,46
2950,2,68
2951,3,52
2952,1,54
2953,3,47
2954,3,51
2955,3,48
2956,4,42
2957,1,49
2958,3,40
2959,3,58
2960,3,54
2961,4,21
2962,3,71
2963,3,41
2964,3,46
2965,1,59
2966,2,53
2967,3,40
2968,3,47
2969,3,39
2970,3,62
2971,1,26
2972,2,52
2973,2,44
2974,5,65
2975,5,58
2976,5,58
2977,4,48
2978,3,47
2979,3,46
2980,4,64
2981,2,45
2982,4,41
2983,2,53
2984,1,64
2985,3,52
2986,4,48
2987,3,59
2988,3,40
2989,3,60
2990,1,39
2991,4,28
2992,4,54
2993,4,64
2994,3,47
2995,3,52
2996,4,51
2997,4,57
2998,3,31
2999,2,50
3000,1,36
3001,3,44
3002,4,55
3003,3,45
3004,5,28
3005,2,63
3006,2,36
3007,5,44
3008,3,49
3009,2,66
3010,3,56
3011,4,33
3012,4,39
3013,2,49
3014,2,55
3015,3,53
3016,3,49
3017,5,57
3018,3,48
3019,1,32
3020,2,48
3021,2,43
3022,3,48
3023,2,43
3024,2,55
3025,3,44
3026,1,47
3027,3,26
3028,4,60
3029,3,48
3030,3,45
3031,5,39
3032,3,64
3033,5,42
3034,4,51
3035,5,54
3036,3,51
3037,4,56
3038,4,54
3039,3,68
3040,2,54
3041,4,45
3042,3,49
3043,3,56
3044,3,55
3045,3,44
3046,2,53
3047,3,49
3048,3,44
3049,3,69
3050,3,50
3051,2,45
3052,3,29
3053,3,39
3054,3,63
3055,4,52
3056,3,50
3057,3,51
3058,3,51
3059,5,45
3060,3,46
3061,4,43
3062,3,39
3063,4,56
3064,3,63
3065,2,58
3066,2,55
3067,3,42
3068,3,46
3069,2,31
3070,2,44
3071,3,52
3072,3,52
3073,3,59
3074,5,55
3075,5,34
3076,1,62
3077,3,29
3078,1,47
3079,1,37
3080,3,69
3081,3,55
3082,3,47
3083,1,39
3084,3,50
3085,1,67
3086,3,50
3087,3,45
3088,4,54
3089,2,29
3090,3,52
3091,2,70
3092,3,54
3093,1,57
3094,2,50
3095,4,43
3096,2,53
3097,4,57
3098,2,65
3099,3,53
3100,3,45
3101,3,44
3102,5,48
3103,4,42
3104,5,67
3105,3,50
3106,3,55
3107,3,47
3108,2,59
3109,3,44
3110,4,56
3111,3,54
3112,3,40
3113,3,37
3114,3,71
3115,4,57
3116,1,41
3117,3,58
3118,3,36
3119,4,48
3120,3,33
3121,4,47
3122,5,41
3123,3,41
3124,3,55
3125,4,66
3126,3,55
3127,1,45
3128,4,44
3129,1,45
3130,3,25
3131,2,62
3132,2,37
3133,1,53
3134,3,51
3135,2,52
3136,5,64
3137,5,62
3138,1,39
3139,3,49
3140,4,49
3141,2,54
3142,2,51
3143,1,69
3144,3,57
3145,3,56
3146,5,52
3147,2,60
3148,3,37
3149,4,54
3150,4,37
3151,3,57
3152,3,49
3153,4,44
3154,2,55
3155,3,50
3156,2,46
3157,3,56
3158,3,46
3159,3,40
3160,3,44
3161,3,60
3162,2,48
3163,1,57
3164,2,49
3165,3,48
3166,4,52
3167,5,50
3168,4,37
3169,1,39
3170,3,64
3171,2,52
3172,1,34
3173,4,50
3174,2,43
3175,3,57
3176,3,45
3177,1,56
3178,1,35
3179,5,60
3180,5,51
3181,2,33
3182,3,52
3183,4,50
3184,1,48
3185,2,71
3186,3,42
3187,1,42
3188,1,40
3189,4,47
3190,3,55
3191,4,36
3192,2,56
3193,1,44
3194,5,36
3195,4,53
3196,1,36
3197,3,37
3198,2,43
3199,3,50
3200,1,55
3201,3,39
3202,2,49
3203,3,47
3204,5,61
3205,5,49
3206,2,19
3207,3,56
3208,3,41
3209,2,53
3210,4,58
3211,4,58
3212,3,57
3213,3,49
3214,4,36
3215,3,43
3216,3,27
3217,3,40
3218,5,53
3219,2,62
3220,4,37
3221,2,56
3222,4,46
3223,4,56
3224,3,47
3225,5,59
3226,4,51
3227,5,48
3228,2,63
3229,3,69
3230,3,40
3231,3,43
3232,4,52
3233,3,52
3234,4,53
3235,5,50
3236,2,51
3237,5,60
3238,4,65
3239,4,45
3240,3,71
3241,3,48
3242,1,50
3243,2,41
3244,3,42
3245,3,59
3246,3,58
3247,4,50
3248,2,57
3249,3,39
3250,3,60
3251,4,70
3252,5,47
3253,3,48
3254,3,70
3255,5,44
3256,2,47
3257,5,55
3258,2,60
3259,2,49
3260,3,41
3261,1,46
3262,5,44
3263,5,48
3264,3,64
3265,5,33
3266,3,42
3267,3,46
3268,2,46
3269,5,36
3270,2,55
3271,1,57
3272,1,64
3273,4,57
3274,2,61
3275,5,69
3276,3,43
3277,3,57
3278,3,51
3279,1,53
3280,2,59
3281,2,45
3282,2,62
3283,4,44
3284,1,59
3285,3,62
3286,2,60
3287,1,51
3288,5,51
3289,3,64
3290,3,54
3291,3,65
3292,1,48
3293,4,49
3294,3,40
3295,4,41
3296,1,56
3297,3,57
3298,3,36
3299,3,35
3300,4,39
3301,3,56
3302,4,37
3303,3,51
3304,2,57
3305,3,40
3306,3,42
3307,4,39
3308,3,50
3309,4,38
3310,2,72
3311,2,48
3312,4,55
3313,2,53
3314,4,65
3315,2,52
3316,3,44
3317,2,59
3318,3,49
3319,3,53
3320,4,48
3321,5,42
3322,3,56
3323,3,45
3324,3,44
3325,2,48
3326,3,62
3327,3,74
3328,1,33
3329,2,39
3330,3,45
3331,2,66
3332,3,65
3333,3,43
3334,4,56
3335,2,59
3336,5,37
3337,1,65
3338,3,52
3339,3,62
3340,2,49
3341,3,39
3342,2,54
3343,3,56
3344,3,46
3345,4,55
3346,3,51
3347,2,37
3348,1,46
3349,3,44
3350,5,53
3351,3,36
3352,3,40
3353,4,55
3354,5,66
3355,3,51
3356,4,36
3357,3,58
3358,3,51
3359,4,44
3360,3,42
3361,4,59
3362,1,52
3363,4,47
3364,3,43
3365,3,25
3366,3,60
3367,3,57
3368,4,54
3369,4,55
3370,2,80
3371,2,54
3372,3,53
3373,3,36
3374,4,66
3375,3,48
3376,3,60
3377,5,42
3378,2,51
3379,4,47
3380,3,63
3381,2,61
3382,4,31
3383,5,47
3384,4,31
3385,3,44
3386,3,55
3387,1,45
3388,3,72
3389,2,62
3390,5,47
3391,1,39
3392,3,37
3393,2,61
3394,4,33
3395,3,46
3396,2,47
3397,5,51
3398,3,44
3399,2,45
3400,2,42
3401,2,56
3402,3,42
3403,1,42
3404,2,59
3405,4,52
3406,1,31
3407,2,42
3408,2,42
3409,2,52
3410,1,54
3411,4,32
3412,3,33
3413,3,35
3414,3,65
3415,3,56
3416,5,52
3417,3,38
3418,5,46
3419,3,52
3420,4,48
3421,3,44
3422,2,42
3423,4,58
3424,1,51
3425,2,47
3426,4,51
3427,3,62
3428,5,62
3429,2,31
3430,4,38
3431,4,71
3432,3,59
3433,3,59
3434,2,47
3435,1,63
3436,3,57
3437,4,47
3438,3,56
3439,4,58
3440,5,55
3441,2,43
3442,2,64
3443,4,67
3444,3,38
3445,2,57
3446,3,52
3447,4,70
3448,3,46
3449,4,71
3450,3,51
3451,1,52
3452,1,44
3453,5,38
3454,3,56
3455,2,45
3456,3,51
3457,3,52
3458,3,71
3459,4,30
3460,3,44
3461,2,40
3462,5,54
3463,2,60
3464,3,52
3465,3,30
3466,2,48
3467,4,52
3468,2,33
3469,2,57
3470,3,39
3471,3,32
3472,2,64
3473,3,44
3474,3,37
3475,1,44
3476,2,52
3477,2,42
3478,4,49
3479,4,48
3480,5,46
3481,2,50
3482,3,39
3483,3,46
3484,1,38
3485,4,38
3486,3,52
3487,3,47
3488,2,54
3489,4,60
3490,5,44
3491,3,46
3492,5,46
3493,2,44
3494,1,52
3495,4,44
3496,2,58
3497,5,45
3498,2,49
3499,3,44
3500,3,54
3501,3,63
3502,4,50
3503,3,71
3504,3,73
3505,2,54
3506,3,64
3507,4,40
3508,3,41
3509,2,48
3510,2,50
3511,3,55
3512,2,42
3513,3,45
3514,3,54
3515,3,40
3516,4,61
3517,4,53
3518,3,51
3519,4,42
3520,2,37
3521,3,45
3522,2,45
3523,4,43
3524,5,53
3525,3,50
3526,3,50
3527,2,56
3528,2,48
3529,4,40
3530,1,44
3531,5,33
3532,3,47
3533,1,48
3534,5,41
3535,4,64
3536,4,48
3537,4,52
3538,5,51
3539,3,41
3540,2,46
3541,2,45
3542,2,41
3543,2,67
3544,3,54
3545,5,52
3546,5,32
3547,3,70
3548,3,57
3549,5,32
3550,2,50
3551,3,54
3552,2,50
3553,4,65
3554,3,52
3555,3,49
3556,3,51
3557,3,48
3558,4,40
3559,2,44
3560,3,63
3561,3,48
3562,2,57
3563,4,45
3564,3,58
3565,3,49
3566,1,52
3567,3,47
3568,4,43
3569,2,40
3570,3,31
3571,4,30
3572,4,49
3573,2,51
3574,5,49
3575,3,38
3576,2,59
3577,5,37
3578,4,54
3579,3,62
3580,2,58
3581,5,63
3582,2,38
3583,2,57
3584,4,52
3585,5,55
3586,2,71
3587,1,47
3588,3,34
3589,3,50
3590,4,62
3591,2,63
3592,2,48
3593,3,44
3594,3,51
3595,3,59
3596,5,66
3597,1,50
3598,3,63
3599,2,46
3600,1,61
3601,3,64
3602,3,41
3603,5,70
3604,3,53
3605,1,66
3606,1,47
3607,5,52
3608,4,49
3609,3,51
3610,3,37
3611,3,45
3612,3,46
3613,1,37
3614,4,36
3615,2,59
3616,1,43
3617,1,49
3618,1,50
3619,5,51
3620,2,55
3621,3,50
3622,5,50
3623,5,39
3624,1,47
3625,1,51
3626,3,41
3627,3,52
3628,4,54
3629,1,43
3630,2,28
3631,2,47
3632,5,59
3633,3,36
3634,1,40
3635,3,48
3636,3,37
3637,3,71
3638,3,49
3639,5,66
3640,2,54
3641,1,38
3642,2,42
3643,4,57
3644,4,25
3645,3,52
3646,1,55
3647,1,47
3648,2,41
3649,3,61
3650,3,56
3651,3,52
3652,2,62
3653,5,46
3654,3,54
3655,1,70
3656,3,53
3657,5,64
3658,5,49
3659,3,54
3660,3,39
3661,2,49
3662,1,56
3663,3,36
3664,1,59
3665,3,37
3666,3,34
3667,4,64
3668,4,43
3669,3,48
3670,3,35
3671,1,44
3672,3,46
3673,3,55
3674,1,65
3675,3,45
3676,2,51
3677,5,48
3678,3,34
3679,3,61
3680,4,50
3681,3,65
3682,4,46
3683,2,45
3684,1,39
3685,2,40
3686,1,52
3687,4,57
3688,3,39
3689,2,46
3690,2,59
3691,5,49
3692,3,50
3693,3,61
3694,5,62
3695,3,41
3696,3,62
3697,4,40
3698,3,58
3699,4,55
3700,3,42
3701,4,50
3702,4,42
3703,2,37
3704,2,55
3705,4,40
3706,4,41
3707,3,50
3708,4,34
3709,1,43
3710,2,52
3711,2,32
3712,2,62
3713,3,58
3714,3,57
3715,5,43
3716,4,55
3717,3,47
3718,3,43
3719,3,61
3720,3,53
3721,2,47
3722,3,43
3723,2,47
3724,1,42
3725,4,35
3726,3,31
3727,3,57
3728,3,34
3729,1,48
3730,1,54
3731,1,46
3732,1,36
3733,2,47
3734,2,54
3735,5,47
3736,3,45
3737,5,58
3738,1,37
3739,5,43
3740,4,53
3741,1,46
3742,2,47
3743,2,35
3744,2,51
3745,4,52
3746,3,63
3747,3,49
3748,1,61
3749,2,39
3750,3,33
3751,1,42
3752,4,46
3753,2,38
3754,1,54
3755,2,55
3756,3,41
3757,3,55
3758,5,53
3759,1,53
3760,3,38
3761,3,47
3762,1,34
3763,3,48
3764,4,45
3765,3,57
3766,4,45
3767,4,50
3768,4,55
3769,4,42
3770,2,43
3771,4,48
3772,5,39
3773,3,57
3774,1,38
3775,3,58
3776,3,44
3777,3,46
3778,2,37
3779,3,42
3780,2,36
3781,1,56
3782,4,36
3783,2,40
3784,4,44
3785,3,41
3786,2,52
3787,1,44
3788,4,54
3789,3,52
3790,4,40
3791,4,44
3792,4,46
3793,3,48
3794,2,54
3795,5,40
3796,3,60
3797,3,49
3798,2,34
3799,3,59
3800,1,26
3801,4,65
3802,3,44
3803,3,41
3804,3,49
3805,3,55
3806,2,49
3807,5,44
3808,2,54
3809,3,39
3810,1,32
3811,2,59
3812,2,54
3813,3,51
3814,3,64
3815,4,54
3816,4,51
3817,3,47
3818,4,64
3819,3,49
3820,2,59
3821,3,46
3822,5,53
3823,1,44
3824,4,49
3825,2,48
3826,3,50
3827,2,32
3828,4,56
3829,3,32
3830,4,50
3831,5,55
3832,5,47
3833,3,43
3834,3,51
3835,2,58
3836,4,45
3837,1,46
3838,2,72
3839,2,43
3840,4,42
3841,1,42
3842,3,46
3843,3,30
3844,3,61
3845,5,46
3846,5,44
3847,2,51
3848,2,40
3849,2,63
3850,2,54
3851,4,53
3852,3,51
3853,4,41
3854,3,48
3855,1,55
3856,1,63
3857,3,50
3858,4,56
3859,4,65
3860,2,44
3861,3,57
3862,5,50
3863,4,50
3864,3,49
3865,3,43
3866,3,45
3867,4,58
3868,2,57
3869,3,48
3870,1,67
3871,4,62
3872,4,55
3873,4,73
3874,2,36
3875,5,40
3876,2,43
3877,3,37
3878,2,48
3879,5,50
3880,4,46
3881,3,53
3882,2,56
3883,1,51
3884,1,49
3885,1,44
3886,3,58
3887,3,45
3888,3,49
3889,5,45
3890,2,41
3891,2,52
3892,5,48
3893,4,31
3894,1,24
3895,4,46
3896,3,51
3897,1,49
3898,2,54
3899,4,67
3900,2,42
3901,3,58
3902,4,52
3903,1,39
3904,3,57
3905,2,45
3906,4,39
3907,2,71
3908,3,41
3909,4,34
3910,1,47
3911,4,51
3912,2,63
3913,4,53
3914,3,43
3915,3,49
3916,3,44
3917,2,38
3918,4,52
3919,4,61
3920,3,42
3921,4,53
3922,3,45
3923,3,34
3924,2,47
3925,5,57
3926,2,58
3927,3,57
3928,3,57
3929,2,65
3930,5,37
3931,5,30
3932,3,51
3933,3,42
3934,4,66
3935,2,43
3936,2,39
3937,5,54
3938,4,74
3939,5,39
3940,3,41
3941,3,46
3942,1,44
3943,1,49
3944,3,41
3945,3,44
3946,3,42
3947,4,46
3948,3,54
3949,3,47
3950,4,39
3951,5,35
3952,2,55
3953,4,58
3954,2,48
3955,5,39
3956,4,42
3957,2,42
3958,3,57
3959,3,44
3960,2,63
3961,4,44
3962,2,59
3963,4,46
3964,4,34
3965,2,64
3966,3,42
3967,4,59
3968,5,41
3969,4,54
3970,3,22
3971,3,54
3972,2,55
3973,3,43
3974,3,55
3975,2,40
3976,5,57
3977,2,48
3978,4,42
3979,4,56
3980,4,43
3981,3,52
3982,1,51
3983,3,56
3984,4,48
3985,1,43
3986,3,39
3987,3,49
3988,4,59
3989,2,54
3990,2,31
3991,4,62
3992,1,42
3993,1,32
3994,4,53
3995,3,46
3996,4,39
3997,3,40
3998,2,37
3999,3,42
4000,3,57
4001,1,37
4002,4,31
4003,3,76
4004,2,36
4005,3,50
4006,2,49
4007,2,59
4008,2,59
4009,2,40
4010,3,44
4011,3,52
4012,3,47
4013,2,63
4014,5,44
4015,3,41
4016,1,28
4017,4,51
4018,4,57
4019,2,34
4020,1,64
4021,4,56
4022,2,47
4023,3,40
4024,5,47
4025,4,59
4026,4,44
4027,4,62
4028,3,45
4029,3,41
4030,3,52
4031,5,31
4032,5,52
4033,3,68
4034,3,43
4035,3,55
4036,3,46
4037,3,47
4038,3,53
4039,3,49
4040,4,46
4041,3,71
4042,3,61
4043,2,45
4044,3,50
4045,3,56
4046,4,42
4047,3,27
4048,3,41
4049,2,64
4050,4,50
4051,1,59
4052,3,37
4053,4,52
4054,4,69
4055,4,40
4056,1,52
4057,4,42
4058,2,65
4059,3,58
4060,2,48
4061,1,58
4062,4,54
4063,4,65
4064,3,58
4065,4,48
4066,3,28
4067,3,61
4068,4,52
4069,4,65
4070,3,73
4071,4,48
4072,3,42
4073,2,68
4074,3,31
4075,3,53
4076,3,54
4077,4,36
4078,3,40
4079,3,38
4080,2,65
4081,3,48
4082,4,56
4083,1,45
4084,3,56
4085,3,70
4086,2,54
4087,2,48
4088,5,40
4089,3,48
4090,3,34
4091,4,30
4092,5,41
4093,2,63
4094,2,51
4095,1,54
4096,3,46
4097,3,53
4098,2,53
4099,4,51
4100,4,61
4101,2,48
4102,2,64
4103,4,40
4104,3,53
4105,5,72
4106,4,61
4107,1,38
4108,3,51
4109,4,49
4110,3,54
4111,4,39
4112,3,45
4113,1,76
4114,2,75
4115,2,69
4116,2,58
4117,2,38
4118,5,57
4119,4,59
4120,3,55
4121,3,50
4122,2,49
4123,1,43
4124,3,48
4125,3,64
4126,2,46
4127,4,45
4128,3,53
4129,2,38
4130,3,56
4131,3,35
4132,4,43
4133,3,62
4134,3,60
4135,5,63
4136,2,47
4137,3,45
4138,1,52
4139,3,49
4140,3,44
4141,3,57
4142,4,62
4143,1,56
4144,4,56
4145,3,54
4146,3,47
4147,3,54
4148,3,55
4149,5,63
4150,3,43
4151,4,54
4152,2,49
4153,2,49
4154,3,66
4155,3,50
4156,4,41
4157,4,64
4158,3,51
4159,1,57
4160,4,44
4161,3,42
4162,4,34
4163,3,63
4164,2,52
4165,2,42
4166,3,64
4167,4,52
4168,4,58
4169,4,42
4170,2,29
4171,2,30
4172,5,44
4173,1,49
4174,2,43
4175,2,58
4176,3,49
4177,5,70
4178,2,43
4179,2,43
4180,1,38
4181,3,33
4182,1,31
4183,2,61
4184,2,55
4185,2,79
4186,5,36
4187,4,43
4188,3,37
4189,3,41
4190,2,66
4191,5,64
4192,3,66
4193,2,31
4194,2,50
4195,1,59
4196,3,42
4197,2,60
4198,4,51
4199,4,40
4200,5,83
4201,5,34
4202,3,29
4203,4,47
4204,5,33
4205,3,54
4206,1,36
4207,1,39
4208,3,53
4209,2,62
4210,4,56
4211,5,49
4212,2,45
4213,2,63
4214,4,55
4215,5,69
4216,3,43
4217,2,49
4218,3,59
4219,2,59
4220,4,54
4221,2,54
4222,2,48
4223,3,49
4224,2,47
4225,3,43
4226,4,53
4227,4,52
4228,3,65
4229,3,48
4230,3,29
4231,5,40
4232,2,62
4233,2,49
4234,1,60
4235,2,52
4236,3,56
4237,3,52
4238,3,44
4239,2,36
4240,3,38
4241,3,35
4242,2,74
4243,3,51
4244,3,56
4245,3,61
4246,4,32
4247,3,45
4248,3,67
4249,4,64
4250,1,64
4251,3,46
4252,3,45
4253,5,33
4254,1,55
4255,4,47
4256,2,45
4257,5,60
4258,2,59
4259,4,61
4260,2,57
4261,1,64
4262,2,38
4263,4,33
4264,3,37
4265,3,55
4266,5,59
4267,3,63
4268,3,67
4269,4,47
4270,3,40
4271,4,59
4272,3,36
4273,3,49
4274,3,60
4275,2,48
4276,2,59
4277,3,49
4278,1,42
4279,1,19
4280,3,71
4281,2,45
4282,3,44
4283,3,59
4284,2,46
4285,3,49
4286,4,36
4287,4,53
4288,3,53
4289,5,35
4290,4,54
4291,3,43
4292,4,44
4293,2,53
4294,5,50
4295,3,46
4296,4,40
4297,4,39
4298,3,52
4299,3,43
4300,3,54
4301,3,50
4302,3,59
4303,5,65
4304,4,40
4305,3,48
4306,1,32
4307,5,57
4308,3,52
4309,1,42
4310,3,44
4311,3,46
4312,1,56
4313,3,43
4314,2,42
4315,4,52
4316,3,44
4317,4,43
4318,3,47
4319,5,48
4320,3,49
4321,2,49
4322,3,36
4323,1,57
4324,3,56
4325,4,49
4326,3,51
4327,1,74
4328,5,60
4329,5,56
4330,3,70
4331,2,67
4332,2,54
4333,2,46
4334,3,34
4335,4,42
4336,2,35
4337,3,42
4338,3,53
4339,3,40
4340,1,54
4341,1,36
4342,5,53
4343,3,55
4344,5,55
4345,3,54
4346,3,50
4347,5,53
4348,4,58
4349,3,40
4350,3,59
4351,1,45
4352,3,29
4353,3,44
4354,3,46
4355,3,43
4356,2,51
4357,2,61
4358,5,39
4359,2,55
4360,4,41
4361,2,32
4362,2,49
4363,3,50
4364,4,68
4365,3,63
4366,3,58
4367,1,46
4368,3,49
4369,3,56
4370,3,47
4371,3,49
4372,4,44
4373,3,32
4374,5,46
4375,3,51
4376,5,58
4377,3,27
4378,4,47
4379,5,47
4380,4,41
4381,3,70
4382,1,51
4383,1,48
4384,2,49
4385,4,32
4386,5,63
4387,1,47
4388,3,49
4389,4,59
4390,3,43
4391,3,42
4392,1,59
4393,4,56
4394,5,46
4395,4,28
4396,4,46
4397,3,62
4398,4,51
4399,3,49
4400,3,45
4401,3,39
4402,3,55
4403,3,47
4404,2,61
4405,4,51
4406,2,48
4407,4,46
4408,3,60
4409,3,48
4410,3,37
4411,2,41
4412,3,39
4413,2,41
4414,3,35
4415,2,53
4416,5,38
4417,1,59
4418,4,51
4419,3,38
4420,5,58
4421,2,34
4422,3,47
4423,4,63
4424,1,29
4425,4,63
4426,5,56
4427,2,41
4428,3,47
4429,5,43
4430,3,47
4431,3,55
4432,3,66
4433,2,37
4434,5,53
4435,1,51
4436,2,54
4437,1,54
4438,3,46
4439,3,34
4440,4,45
4441,3,59
4442,3,54
4443,3,49
4444,2,66
4445,3,37
4446,2,25
4447,1,45
4448,2,39
4449,4,54
4450,3,57
4451,3,44
4452,3,58
4453,4,45
4454,3,58
4455,2,38
4456,4,54
4457,3,44
4458,2,31
4459,4,56
4460,3,54
4461,2,50
4462,3,46
4463,3,62
4464,3,44
4465,5,48
4466,1,38
4467,4,54
4468,3,32
4469,2,59
4470,2,52
4471,4,32
4472,3,64
4473,4,40
4474,4,56
4475,2,46
4476,3,51
4477,3,47
4478,4,72
4479,3,49
4480,1,24
4481,1,56
4482,3,37
4483,1,36
4484,2,40
4485,3,52
4486,2,43
4487,4,49
4488,2,45
4489,1,50
4490,4,48
4491,2,39
4492,3,31
4493,4,43
4494,3,50
4495,3,47
4496,3,54
4497,1,59
4498,2,48
4499,4,34
4500,4,51
4501,3,41
4502,2,57
4503,4,50
4504,3,40
4505,5,44
4506,2,59
4507,2,51
4508,2,61
4509,5,56
4510,3,67
4511,2,66
4512,1,45
4513,1,46
4514,3,53
4515,4,42
4516,3,33
4517,2,60
4518,3,49
4519,3,37
4520,4,60
4521,4,53
4522,4,46
4523,3,53
4524,3,62
4525,3,63
4526,2,50
4527,3,44
4528,3,62
4529,3,32
4530,3,42
4531,3,46
4532,2,51
4533,1,54
4534,5,33
4535,3,38
4536,3,39
4537,2,71
4538,3,48
4539,3,40
4540,2,48
4541,3,53
4542,1,47
4543,1,76
4544,3,45
4545,4,60
4546,1,44
4547,1,70
4548,3,76
4549,4,54
4550,3,44
4551,2,59
4552,2,39
4553,5,45
4554,4,61
4555,4,56
4556,2,71
4557,4,46
4558,2,45
4559,2,57
4560,1,44
4561,3,58
4562,5,53
4563,2,41
4564,3,43
4565,2,41
4566,3,50
4567,4,59
4568,5,40
4569,4,48
4570,3,51
4571,5,44
4572,2,45
4573,4,50
4574,2,55
4575,3,51
4576,4,64
4577,4,50
4578,2,45
4579,2,68
4580,3,51
4581,3,41
4582,2,60
4583,3,39
4584,2,64
4585,2,34
4586,5,47
4587,3,42
4588,5,58
4589,2,42
4590,1,53
4591,5,46
4592,4,26
4593,3,50
4594,4,54
4595,5,61
4596,3,41
4597,4,60
4598,1,54
4599,3,51
4600,2,40
4601,2,64
4602,3,54
4603,3,40
4604,3,41
4605,3,49
4606,4,73
4607,3,60
4608,4,47
4609,4,57
4610,3,42
4611,5,40
4612,3,39
4613,4,45
4614,3,50
4615,5,58
4616,5,47
4617,3,44
4618,3,54
4619,4,68
4620,3,46
4621,3,41
4622,3,32
4623,4,47
4624,3,52
4625,3,42
4626,3,43
4627,4,31
4628,4,28
4629,3,50
4630,3,35
4631,1,48
4632,4,50
4633,1,46
4634,3,59
4635,3,50
4636,2,31
4637,3,64
4638,3,60
4639,3,53
4640,4,47
4641,4,56
4642,3,49
4643,4,57
4644,5,65
4645,5,46
4646,5,59
4647,2,46
4648,3,53
4649,1,48
4650,1,48
4651,4,45
4652,3,52
4653,3,52
4654,3,56
4655,3,63
4656,3,57
4657,3,50
4658,3,54
4659,3,65
4660,4,56
4661,4,48
4662,3,44
4663,5,44
4664,1,56
4665,3,44
4666,3,50
4667,3,32
4668,4,42
4669,3,60
4670,2,47
4671,2,41
4672,4,45
4673,3,54
4674,3,45
4675,4,50
4676,1,55
4677,4,37
4678,2,52
4679,4,49
4680,2,58
4681,3,57
4682,1,46
4683,5,45
4684,3,39
4685,3,49
4686,1,60
4687,4,59
4688,4,54
4689,1,51
4690,3,30
4691,4,35
4692,2,39
4693,2,68
4694,5,61
4695,5,61
4696,3,54
4697,2,63
4698,4,51
4699,3,62
4700,3,41
4701,3,51
4702,2,39
4703,4,52
4704,4,79
4705,1,50
4706,3,52
4707,3,55
4708,3,46
4709,3,55
4710,4,52
4711,5,40
4712,4,31
4713,2,32
4714,1,71
4715,2,43
4716,2,42
4717,4,50
4718,5,43
4719,3,47
4720,3,58
4721,3,61
4722,1,70
4723,1,48
4724,3,45
4725,2,50
4726,3,58
4727,2,54
4728,3,47
4729,3,25
4730,3,53
4731,2,24
4732,3,56
4733,2,53
4734,3,38
4735,2,46
4736,5,49
4737,2,46
4738,4,51
4739,3,37
4740,5,40
4741,3,47
4742,3,49
4743,2,44
4744,4,55
4745,3,43
4746,3,46
4747,2,36
4748,3,42
4749,4,31
4750,4,50
4751,2,64
4752,5,70
4753,4,57
4754,4,47
4755,3,55
4756,3,49
4757,3,51
4758,3,63
4759,3,67
4760,3,67
4761,2,36
4762,4,40
4763,3,41
4764,2,37
4765,3,13
4766,4,46
4767,5,54
4768,3,48
4769,3,58
4770,3,68
4771,3,41
4772,4,76
4773,3,53
4774,5,40
4775,1,43
4776,5,59
4777,3,58
4778,3,58
4779,3,60
4780,3,57
4781,3,31
4782,5,59
4783,3,64
4784,5,54
4785,4,63
4786,2,44
4787,4,54
4788,4,44
4789,4,57
4790,4,32
4791,3,52
4792,4,42
4793,3,49
4794,3,39
4795,2,45
4796,5,51
4797,2,40
4798,5,47
4799,3,58
4800,1,41
4801,3,48
4802,4,57
4803,1,32
4804,3,39
4805,3,17
4806,3,80
4807,2,61
4808,4,67
4809,3,46
4810,3,48
4811,4,70
4812,2,70
4813,4,56
4814,1,54
4815,2,49
4816,3,48
4817,4,40
4818,3,53
4819,3,46
4820,4,43
4821,4,37
4822,4,40
4823,1,55
4824,2,37
4825,4,48
4826,5,30
4827,3,48
4828,4,48
4829,3,37
4830,3,34
4831,2,55
4832,2,46
4833,4,50
4834,3,46
4835,4,49
4836,1,49
4837,3,42
4838,3,38
4839,4,51
4840,3,73
4841,1,42
4842,3,67
4843,3,50
4844,3,54
4845,2,44
4846,1,62
4847,3,58
4848,4,41
4849,3,38
4850,4,55
4851,3,57
4852,5,50
4853,5,67
4854,4,47
4855,3,60
4856,4,57
4857,3,61
4858,1,46
4859,3,46
4860,2,45
4861,2,62
4862,3,61
4863,2,58
4864,4,49
4865,4,33
4866,5,78
4867,2,64
4868,1,39
4869,3,53
4870,1,45
4871,3,52
4872,3,26
4873,3,34
4874,5,37
4875,3,43
4876,1,57
4877,2,59
4878,4,56
4879,2,49
4880,3,69
4881,2,66
4882,1,58
4883,1,49
4884,3,62
4885,2,56
4886,1,43
4887,2,63
4888,3,53
4889,1,53
4890,1,57
4891,3,70
4892,4,45
4893,4,58
4894,4,37
4895,3,62
4896,3,50
4897,1,65
4898,3,54
4899,4,62
4900,5,42
4901,2,41
4902,3,44
4903,3,35
4904,2,39
4905,4,65
4906,1,34
4907,3,43
4908,4,56
4909,3,49
4910,3,50
4911,4,36
4912,5,54
4913,3,36
4914,3,46
4915,4,52
4916,2,33
4917,5,47
4918,3,29
4919,2,54
4920,3,45
4921,4,65
4922,4,48
4923,3,53
4924,4,51
4925,3,50
4926,3,61
4927,3,51
4928,5,38
4929,3,48
4930,3,40
4931,5,40
4932,3,24
4933,4,49
4934,1,24
4935,2,55
4936,5,65
4937,2,55
4938,5,51
4939,3,48
4940,3,55
4941,3,71
4942,4,49
4943,3,57
4944,3,42
4945,5,28
4946,3,56
4947,3,39
4948,3,39
4949,1,42
4950,3,49
4951,1,44
4952,2,43
4953,4,54
4954,4,44
4955,5,44
4956,4,44
4957,3,53
4958,4,65
4959,3,41
4960,3,42
4961,2,28
4962,1,55
4963,2,33
4964,1,52
4965,3,55
4966,4,44
4967,3,46
4968,2,57
4969,3,48
4970,2,50
4971,4,62
4972,3,36
4973,2,67
4974,4,61
4975,4,59
4976,5,57
4977,5,53
4978,2,45
4979,1,48
4980,2,55
4981,2,43
4982,2,44
4983,3,44
4984,3,62
4985,3,76
4986,3,37
4987,3,57
4988,3,50
4989,2,51
4990,1,59
4991,3,71
4992,3,56
4993,4,59
4994,5,32
4995,3,29
4996,3,57
4997,5,40
4998,3,51
4999,4,66
