0,4,65
1,4,46
2,3,58
3,2,50
4,3,34
5,3,37
6,3,42
7,5,39
8,3,60
9,4,51
10,1,43
11,1,49
12,3,57
13,5,51
14,4,52
15,3,74
16,4,50
17,4,44
18,2,57
19,3,48
20,2,44
21,1,63
22,3,50
23,4,35
24,4,64
25,2,50
26,1,55
27,3,69
28,3,41
29,4,35
30,3,57
31,4,49
32,3,63
33,4,57
34,3,46
35,3,45
36,4,62
37,1,36
38,3,53
39,3,57
40,3,54
41,2,52
42,2,44
43,5,43
44,3,36
45,5,67
46,2,34
47,2,61
48,1,57
49,3,56
50,4,46
51,3,32
52,3,43
53,3,66
54,1,46
55,3,61
56,4,49
57,4,68
58,3,44
59,3,38
60,3,54
61,5,44
62,3,50
63,4,46
64,5,36
65,1,67
66,2,44
67,2,57
68,4,49
69,3,46
70,3,58
71,3,50
72,4,60
73,2,49
74,5,35
75,3,36
76,3,56
77,3,44
78,3,49
79,4,49
80,3,36
81,3,27
82,3,30
83,2,65
84,1,56
85,1,66
86,3,32
87,1,49
88,2,57
89,3,51
90,3,51
91,1,52
92,4,58
93,3,32
94,2,29
95,4,50
96,4,48
97,4,50
98,3,60
99,3,33
100,2,63
101,3,47
102,4,34
103,2,58
104,2,46
105,3,65
106,3,37
107,3,57
108,3,22
109,2,52
110,2,65
111,2,36
112,1,51
113,5,48
114,2,70
115,1,33
116,3,68
117,3,42
118,3,41
119,4,44
120,3,38
121,1,25
122,3,49
123,3,68
124,3,51
125,5,50
126,2,54
127,4,59
128,2,55
129,4,52
130,3,40
131,2,38
132,4,59
133,1,49
134,4,47
135,2,41
136,3,46
137,2,46
138,5,59
139,3,57
140,3,46
141,5,30
142,4,47
143,5,64
144,2,55
145,2,51
146,4,47
147,4,57
148,3,32
149,5,66
150,4,65
151,4,77
152,4,46
153,1,28
154,4,50
155,1,60
156,1,52
157,2,41
158,3,37
159,3,40
160,4,45
161,3,44
162,4,57
163,3,39
164,3,51
165,2,54
166,5,39
167,2,56
168,3,38
169,4,54
170,3,44
171,4,29
172,3,34
173,2,48
174,2,50
175,3,41
176,5,57
177,3,35
178,4,42
179,3,41
180,5,42
181,1,72
182,1,59
183,3,49
184,3,54
185,1,58
186,4,53
187,2,42
188,3,50
189,3,49
190,5,45
191,4,47
192,2,40
193,5,62
194,2,61
195,3,55
196,3,51
197,4,62
198,3,57
199,3,55
200,2,40
201,4,57
202,1,51
203,5,43
204,3,48
205,3,46
206,3,57
207,3,47
208,3,59
209,3,52
210,5,54
211,3,52
212,5,47
213,3,57
214,2,68
215,3,49
216,4,35
217,4,55
218,2,67
219,3,51
220,3,55
221,4,40
222,5,42
223,3,53
224,3,57
225,3,55
226,3,41
227,3,60
228,4,46
229,3,50
230,3,51
231,3,56
232,5,63
233,2,61
234,4,35
235,3,52
236,3,34
237,3,57
238,3,54
239,3,64
240,1,57
241,3,49
242,5,49
243,4,48
244,3,57
245,4,46
246,3,55
247,2,60
248,3,39
249,4,47
250,4,39
251,2,41
252,1,57
253,4,24
254,3,51
255,2,47
256,3,47
257,5,34
258,4,35
259,5,59
260,3,59
261,3,49
262,3,45
263,1,43
264,5,64
265,2,60
266,1,44
267,4,28
268,3,52
269,4,43
270,3,46
271,4,41
272,5,61
273,3,61
274,1,62
275,3,47
276,3,44
277,3,44
278,3,44
279,3,45
280,1,37
281,1,65
282,2,53
283,5,37
284,2,57
285,5,39
286,4,36
287,2,59
288,3,67
289,3,45
290,3,47
291,3,40
292,3,51
293,4,69
294,4,56
295,2,42
296,5,67
297,3,51
298,5,46
299,3,56
300,1,64
301,3,52
302,3,58
303,2,40
304,4,51
305,1,48
306,4,63
307,1,34
308,3,37
309,3,63
310,3,29
311,1,63
312,5,28
313,3,38
314,1,39
315,2,62
316,4,42
317,3,53
318,4,74
319,1,47
320,3,40
321,4,56
322,5,57
323,4,32
324,2,52
325,4,33
326,3,64
327,4,41
328,2,70
329,3,64
330,2,66
331,4,46
332,1,49
333,4,63
334,2,56
335,4,52
336,3,60
337,4,48
338,3,54
339,1,56
340,2,44
341,2,42
342,2,40
343,3,45
344,3,49
345,3,60
346,2,59
347,1,64
348,3,49
349,4,47
350,4,38
351,5,24
352,3,52
353,4,53
354,4,53
355,3,56
356,4,22
357,2,65
358,4,35
359,4,50
360,4,57
361,5,54
362,3,41
363,3,53
364,4,63
365,2,49
366,3,48
367,3,48
368,3,57
369,3,68
370,3,33
371,2,57
372,2,44
373,3,53
374,3,65
375,3,31
376,3,43
377,2,51
378,3,43
379,3,64
380,3,36
381,3,51
382,3,62
383,3,51
384,1,29
385,4,41
386,3,51
387,4,50
388,4,43
389,3,81
390,5,49
391,2,45
392,3,49
393,2,51
394,5,28
395,4,53
396,2,47
397,3,52
398,4,72
399,5,39
400,4,49
401,4,56
402,2,39
403,2,38
404,4,52
405,2,42
406,3,62
407,3,27
408,1,55
409,3,53
410,3,42
411,2,51
412,3,50
413,5,31
414,2,61
415,2,41
416,3,54
417,5,61
418,3,36
419,3,56
420,3,63
421,3,40
422,2,48
423,2,73
424,3,49
425,5,34
426,4,66
427,3,53
428,5,42
429,3,36
430,1,50
431,3,61
432,2,25
433,4,58
434,3,50
435,3,54
436,2,61
437,4,63
438,4,66
439,4,54
440,1,39
441,1,47
442,5,73
443,2,51
444,3,42
445,4,57
446,3,50
447,4,37
448,3,48
449,3,53
450,3,49
451,4,56
452,1,61
453,3,41
454,3,61
455,3,52
456,4,69
457,5,47
458,3,42
459,3,53
460,3,44
461,4,76
462,2,29
463,3,56
464,4,37
465,2,31
466,2,55
467,3,34
468,4,41
469,5,41
470,4,44
471,5,54
472,3,36
473,2,38
474,4,55
475,2,53
476,3,66
477,5,47
478,1,45
479,2,46
480,1,48
481,1,29
482,2,47
483,4,46
484,5,60
485,4,49
486,4,71
487,3,56
488,3,58
489,2,39
490,3,47
491,2,41
492,2,45
493,3,63
494,3,68
495,4,44
496,4,45
497,3,37
498,3,49
499,3,60
500,3,65
501,2,62
502,4,37
503,1,62
504,2,49
505,3,59
506,2,46
507,2,65
508,1,41
509,2,41
510,4,22
511,4,54
512,2,60
513,4,46
514,4,50
515,3,45
516,3,36
517,3,62
518,3,48
519,3,29
520,4,49
521,3,64
522,3,69
523,5,42
524,2,57
525,1,36
526,5,41
527,3,51
528,5,44
529,3,45
530,1,35
531,2,62
532,3,41
533,5,42
534,3,59
535,3,41
536,2,57
537,3,47
538,5,52
539,3,54
540,1,30
541,3,60
542,4,56
543,5,56
544,4,62
545,4,62
546,3,41
547,3,36
548,5,33
549,2,53
550,2,51
551,2,62
552,5,55
553,4,52
554,1,48
555,3,63
556,4,45
557,4,53
558,2,55
559,3,38
560,2,50
561,2,53
562,5,59
563,4,42
564,3,59
565,2,30
566,3,61
567,4,59
568,1,48
569,3,36
570,3,44
571,3,38
572,2,57
573,2,61
574,2,45
575,3,49
576,4,37
577,2,50
578,4,41
579,3,46
580,3,49
581,4,69
582,4,49
583,3,38
584,3,33
585,2,42
586,1,66
587,3,34
588,3,51
589,2,71
590,4,44
591,1,43
592,3,43
593,2,51
594,4,44
595,5,63
596,3,54
597,3,35
598,3,39
599,3,47
600,3,47
601,5,52
602,3,53
603,3,50
604,4,46
605,3,60
606,3,50
607,2,67
608,1,68
609,4,57
610,3,42
611,1,48
612,2,49
613,4,48
614,2,38
615,2,40
616,1,57
617,2,59
618,3,52
619,1,37
620,3,54
621,3,50
622,2,38
623,1,52
624,5,53
625,5,46
626,3,37
627,3,60
628,5,41
629,2,37
630,3,60
631,5,48
632,4,32
633,2,65
634,4,29
635,3,43
636,4,47
637,4,58
638,3,30
639,5,48
640,5,58
641,1,49
642,2,52
643,3,54
644,3,54
645,5,53
646,3,45
647,4,43
648,3,68
649,2,48
650,3,58
651,3,54
652,5,62
653,4,32
654,3,62
655,3,56
656,3,45
657,3,80
658,4,42
659,1,61
660,3,48
661,2,55
662,2,39
663,3,47
664,3,37
665,5,62
666,5,40
667,4,66
668,4,47
669,5,41
670,3,62
671,2,56
672,1,43
673,2,51
674,4,58
675,3,49
676,5,61
677,1,55
678,5,42
679,2,58
680,4,51
681,2,49
682,3,51
683,1,54
684,5,49
685,3,55
686,1,62
687,4,46
688,3,42
689,1,48
690,4,49
691,4,37
692,4,57
693,3,52
694,1,44
695,4,49
696,3,57
697,2,34
698,4,63
699,2,52
700,3,48
701,2,36
702,3,35
703,1,39
704,1,53
705,1,36
706,4,51
707,2,41
708,4,39
709,4,56
710,3,63
711,5,49
712,5,56
713,4,41
714,3,40
715,5,60
716,5,36
717,3,60
718,2,55
719,3,40
720,3,44
721,3,37
722,2,37
723,5,52
724,3,57
725,2,44
726,4,32
727,4,81
728,1,43
729,3,42
730,3,45
731,4,60
732,2,53
733,3,30
734,2,42
735,5,59
736,2,61
737,4,55
738,2,47
739,4,55
740,3,50
741,2,51
742,5,67
743,3,53
744,5,49
745,3,41
746,1,69
747,3,42
748,2,59
749,3,53
750,4,55
751,5,58
752,4,54
753,3,53
754,3,40
755,2,45
756,3,51
757,3,72
758,3,51
759,2,63
760,1,47
761,3,53
762,5,32
763,1,48
764,5,56
765,3,30
766,4,27
767,3,48
768,5,41
769,3,50
770,4,57
771,3,58
772,4,45
773,4,41
774,5,36
775,5,59
776,3,49
777,3,57
778,3,51
779,5,63
780,3,51
781,4,36
782,1,66
783,5,39
784,3,57
785,3,42
786,4,42
787,1,44
788,3,28
789,2,60
790,3,62
791,5,41
792,3,58
793,3,62
794,4,38
795,1,34
796,5,60
797,3,78
798,4,55
799,3,65
800,3,35
801,3,56
802,2,22
803,1,71
804,1,69
805,3,52
806,1,30
807,1,39
808,3,56
809,4,59
810,2,35
811,3,52
812,3,50
813,3,42
814,3,36
815,2,48
816,3,48
817,2,42
818,3,57
819,3,50
820,3,57
821,1,48
822,2,37
823,2,39
824,5,50
825,3,49
826,2,64
827,2,52
828,4,35
829,3,52
830,3,62
831,3,42
832,3,51
833,3,61
834,1,40
835,4,59
836,1,51
837,3,53
838,3,61
839,3,47
840,3,42
841,2,47
842,5,44
843,1,55
844,4,58
845,3,46
846,4,53
847,5,53
848,4,58
849,3,49
850,3,59
851,3,32
852,4,50
853,4,37
854,3,54
855,3,32
856,4,32
857,2,44
858,2,52
859,3,49
860,4,41
861,4,61
862,4,58
863,3,35
864,3,32
865,1,68
866,5,47
867,3,62
868,2,55
869,3,45
870,3,52
871,3,57
872,3,51
873,2,56
874,5,53
875,4,42
876,2,45
877,3,50
878,3,24
879,4,52
880,4,50
881,3,41
882,2,82
883,3,52
884,5,32
885,4,60
886,4,51
887,2,45
888,4,51
889,1,64
890,4,54
891,2,60
892,2,54
893,3,39
894,3,61
895,2,37
896,3,32
897,2,47
898,4,54
899,3,57
900,3,41
901,3,70
902,3,40
903,3,37
904,3,38
905,2,37
906,4,55
907,2,60
908,5,53
909,3,58
910,2,34
911,3,30
912,3,57
913,3,51
914,2,67
915,2,48
916,3,50
917,3,32
918,2,47
919,2,38
920,5,54
921,2,41
922,1,34
923,4,42
924,3,42
925,4,51
926,3,57
927,3,34
928,3,52
929,5,43
930,1,50
931,2,43
932,5,73
933,3,51
934,3,48
935,3,48
936,1,58
937,4,48
938,3,57
939,4,40
940,5,39
941,3,48
942,4,51
943,1,36
944,1,53
945,3,49
946,3,54
947,3,47
948,4,41
949,1,35
950,2,54
951,5,48
952,3,54
953,3,46
954,3,41
955,4,58
956,2,48
957,4,57
958,3,40
959,2,44
960,2,48
961,2,42
962,1,36
963,2,50
964,3,57
965,4,50
966,2,34
967,2,57
968,4,42
969,4,38
970,4,37
971,4,46
972,3,39
973,3,40
974,3,64
975,4,67
976,3,63
977,3,54
978,3,60
979,5,71
980,4,53
981,1,60
982,3,57
983,4,38
984,3,60
985,3,52
986,3,52
987,3,63
988,4,47
989,1,51
990,5,49
991,1,41
992,3,44
993,4,53
994,3,50
995,1,57
996,3,50
997,4,64
998,4,48
999,4,48
1000,3,70
1001,5,55
1002,3,38
1003,4,28
1004,2,46
1005,3,62
1006,2,61
1007,2,50
1008,3,54
1009,4,33
1010,3,55
1011,4,34
1012,3,55
1013,3,58
1014,3,52
1015,4,45
1016,2,45
1017,3,71
1018,3,47
1019,3,42
1020,3,40
1021,3,57
1022,4,54
1023,3,58
1024,5,25
1025,3,54
1026,3,44
1027,3,43
1028,3,62
1029,3,52
1030,2,32
1031,3,37
1032,1,58
1033,2,34
1034,3,36
1035,3,35
1036,3,26
1037,2,45
1038,2,67
1039,4,39
1040,3,48
1041,3,35
1042,3,38
1043,1,68
1044,4,47
1045,3,56
1046,3,56
1047,5,36
1048,3,55
1049,5,27
1050,4,49
1051,2,56
1052,3,52
1053,3,48
1054,4,31
1055,5,48
1056,3,58
1057,3,51
1058,3,49
1059,3,58
1060,3,59
1061,2,60
1062,3,46
1063,2,40
1064,3,38
1065,1,35
1066,3,52
1067,2,52
1068,3,55
1069,1,44
1070,1,39
1071,2,41
1072,3,35
1073,5,41
1074,2,60
1075,2,53
1076,3,51
1077,4,39
1078,3,56
1079,3,48
1080,2,40
1081,1,39
1082,4,51
1083,3,56
1084,2,51
1085,2,36
1086,3,66
1087,4,39
1088,2,54
1089,5,45
1090,3,72
1091,3,49
1092,3,56
1093,4,70
1094,4,55
1095,5,63
1096,3,59
1097,2,38
1098,2,38
1099,3,64
1100,5,46
1101,2,41
1102,3,55
1103,3,62
1104,1,60
1105,3,44
1106,4,62
1107,3,43
1108,1,38
1109,4,51
1110,4,46
1111,2,52
1112,3,68
1113,3,64
1114,3,53
1115,2,51
1116,3,36
1117,2,63
1118,3,32
1119,4,68
1120,2,47
1121,5,50
1122,5,34
1123,3,49
1124,4,51
1125,3,61
1126,2,47
1127,4,31
1128,3,42
1129,1,48
1130,3,46
1131,4,48
1132,3,49
1133,1,49
1134,4,35
1135,3,59
1136,3,59
1137,3,36
1138,4,41
1139,3,50
1140,4,49
1141,4,63
1142,5,47
1143,2,44
1144,3,48
1145,2,59
1146,2,40
1147,4,66
1148,4,49
1149,3,50
1150,2,62
1151,3,53
1152,2,60
1153,2,31
1154,4,41
1155,2,41
1156,4,48
1157,2,52
1158,2,42
1159,5,36
1160,2,47
1161,2,55
1162,3,49
1163,4,59
1164,4,59
1165,2,46
1166,2,49
1167,3,50
1168,2,41
1169,2,46
1170,5,43
1171,3,41
1172,1,53
1173,3,70
1174,3,46
1175,3,45
1176,1,52
1177,3,58
1178,4,27
1179,1,47
1180,3,39
1181,4,47
1182,3,35
1183,3,50
1184,3,40
1185,2,47
1186,5,33
1187,3,48
1188,3,39
1189,4,48
1190,3,46
1191,5,58
1192,3,52
1193,3,47
1194,3,45
1195,3,47
1196,4,54
1197,4,46
1198,3,46
1199,3,58
1200,3,34
1201,1,59
1202,3,59
1203,2,37
1204,4,43
1205,4,51
1206,4,63
1207,2,42
1208,5,49
1209,3,47
1210,2,58
1211,3,47
1212,1,50
1213,1,45
1214,5,73
1215,1,50
1216,4,58
1217,4,54
1218,3,61
1219,2,44
1220,3,38
1221,5,77
1222,3,44
1223,5,59
1224,3,39
1225,3,61
1226,2,49
1227,3,39
1228,3,52
1229,3,40
1230,3,31
1231,4,42
1232,5,73
1233,2,54
1234,3,49
1235,2,59
1236,5,55
1237,3,44
1238,3,42
1239,3,65
1240,5,76
1241,4,47
1242,3,49
1243,5,48
1244,3,41
1245,5,54
1246,5,45
1247,5,43
1248,2,59
1249,3,44
1250,3,54
1251,1,62
1252,2,70
1253,2,53
1254,3,39
1255,2,31
1256,4,46
1257,4,57
1258,4,39
1259,3,47
1260,3,48
1261,2,58
1262,4,51
1263,5,27
1264,4,52
1265,2,30
1266,4,56
1267,4,27
1268,3,41
1269,3,39
1270,3,33
1271,2,43
1272,3,33
1273,3,51
1274,5,39
1275,3,48
1276,2,29
1277,3,39
1278,3,61
1279,3,48
1280,3,35
1281,3,52
1282,3,57
1283,3,60
1284,2,50
1285,5,50
1286,5,56
1287,1,51
1288,2,37
1289,2,46
1290,5,63
1291,3,50
1292,3,53
1293,2,39
1294,3,49
1295,3,59
1296,5,59
1297,3,20
1298,3,53
1299,3,54
1300,3,48
1301,2,55
1302,4,52
1303,4,47
1304,5,46
1305,3,39
1306,4,54
1307,4,49
1308,2,55
1309,4,35
1310,2,47
1311,2,43
1312,3,53
1313,3,39
1314,1,24
1315,4,39
1316,2,60
1317,3,45
1318,1,46
1319,3,41
1320,5,43
1321,4,64
1322,3,44
1323,2,52
1324,3,38
1325,3,49
1326,1,61
1327,2,49
1328,3,53
1329,2,44
1330,3,35
1331,1,57
1332,4,51
1333,5,49
1334,5,54
1335,2,33
1336,2,52
1337,2,34
1338,4,32
1339,4,41
1340,5,48
1341,2,59
1342,2,54
1343,2,28
1344,3,46
1345,2,52
1346,4,39
1347,4,64
1348,3,39
1349,3,34
1350,4,42
1351,4,34
1352,3,47
1353,1,55
1354,3,57
1355,3,40
1356,3,30
1357,3,43
1358,2,61
1359,3,69
1360,5,43
1361,3,49
1362,5,54
1363,3,35
1364,3,44
1365,2,58
1366,3,47
1367,3,60
1368,3,35
1369,2,42
1370,2,64
1371,3,46
1372,4,46
1373,3,47
1374,3,42
1375,3,66
1376,3,61
1377,3,39
1378,5,78
1379,2,54
1380,3,59
1381,5,54
1382,1,47
1383,3,46
1384,2,45
1385,1,36
1386,4,53
1387,3,68
1388,1,60
1389,3,43
1390,3,41
1391,3,60
1392,3,58
1393,5,46
1394,4,49
1395,1,50
1396,4,35
1397,3,39
1398,4,51
1399,2,53
1400,2,55
1401,3,35
1402,3,45
1403,3,49
1404,2,73
1405,4,51
1406,3,39
1407,2,53
1408,2,55
1409,2,44
1410,3,32
1411,5,49
1412,3,59
1413,2,50
1414,2,46
1415,3,47
1416,3,41
1417,2,49
1418,3,38
1419,3,58
1420,1,44
1421,2,48
1422,4,31
1423,3,47
1424,2,64
1425,3,44
1426,1,44
1427,4,54
1428,2,42
1429,1,59
1430,5,47
1431,3,44
1432,4,49
1433,3,56
1434,3,51
1435,3,41
1436,3,31
1437,3,29
1438,2,62
1439,3,44
1440,1,67
1441,5,30
1442,4,65
1443,5,52
1444,3,36
1445,2,45
1446,4,61
1447,3,63
1448,4,39
1449,3,76
1450,3,51
1451,1,52
1452,2,46
1453,2,52
1454,3,39
1455,4,58
1456,2,52
1457,3,45
1458,3,65
1459,3,44
1460,3,43
1461,1,51
1462,1,56
1463,4,48
1464,3,60
1465,4,67
1466,4,40
1467,4,61
1468,2,47
1469,3,52
1470,3,33
1471,3,41
1472,1,57
1473,5,72
1474,2,49
1475,4,56
1476,4,41
1477,3,53
1478,5,56
1479,3,45
1480,3,63
1481,5,28
1482,1,34
1483,3,39
1484,3,67
1485,3,46
1486,3,50
1487,3,57
1488,3,43
1489,3,61
1490,3,55
1491,2,51
1492,4,58
1493,4,67
1494,5,53
1495,4,54
1496,2,52
1497,3,21
1498,2,67
1499,2,32
1500,4,57
1501,4,35
1502,3,46
1503,3,50
1504,3,26
1505,4,35
1506,3,43
1507,3,35
1508,1,40
1509,4,47
1510,1,34
1511,5,61
1512,1,60
1513,2,50
1514,5,56
1515,3,54
1516,3,39
1517,1,63
1518,2,60
1519,3,38
1520,2,47
1521,2,40
1522,3,44
1523,4,52
1524,2,65
1525,3,34
1526,1,44
1527,3,46
1528,2,48
1529,2,42
1530,1,60
1531,3,39
1532,3,43
1533,4,67
1534,3,49
1535,3,51
1536,5,56
1537,3,55
1538,3,52
1539,1,33
1540,1,30
1541,4,43
1542,5,48
1543,1,50
1544,3,35
1545,5,72
1546,1,44
1547,3,38
1548,4,52
1549,3,67
1550,3,56
1551,1,44
1552,3,40
1553,3,52
1554,3,40
1555,3,48
1556,3,60
1557,3,56
1558,3,53
1559,3,41
1560,3,51
1561,3,53
1562,3,55
1563,2,46
1564,4,45
1565,2,45
1566,3,53
1567,1,48
1568,4,57
1569,2,41
1570,4,43
1571,3,59
1572,4,59
1573,2,37
1574,3,55
1575,3,56
1576,5,55
1577,3,37
1578,2,47
1579,1,36
1580,3,56
1581,3,54
1582,3,42
1583,5,57
1584,2,60
1585,3,52
1586,1,54
1587,3,63
1588,4,44
1589,1,51
1590,4,63
1591,2,51
1592,4,56
1593,4,53
1594,2,40
1595,3,45
1596,4,57
1597,3,39
1598,3,51
1599,3,51
1600,5,46
1601,3,40
1602,5,45
1603,5,50
1604,2,49
1605,1,49
1606,3,41
1607,4,52
1608,5,38
1609,3,33
1610,2,41
1611,4,48
1612,3,58
1613,5,47
1614,3,58
1615,4,37
1616,3,44
1617,1,41
1618,4,59
1619,4,40
1620,2,61
1621,2,61
1622,3,64
1623,3,36
1624,3,37
1625,4,56
1626,1,54
1627,2,37
1628,2,63
1629,3,25
1630,3,46
1631,3,49
1632,3,52
1633,3,37
1634,4,61
1635,2,60
1636,2,65
1637,4,73
1638,4,53
1639,3,58
1640,5,33
1641,3,44
1642,1,45
1643,1,48
1644,4,46
1645,3,39
1646,4,65
1647,3,38
1648,2,55
1649,3,50
1650,2,48
1651,4,41
1652,4,43
1653,2,56
1654,4,28
1655,5,52
1656,3,39
1657,2,39
1658,4,58
1659,4,54
1660,4,42
1661,1,54
1662,3,48
1663,4,44
1664,2,62
1665,5,60
1666,3,50
1667,2,58
1668,3,59
1669,3,49
1670,3,59
1671,2,30
1672,4,38
1673,3,51
1674,1,53
1675,4,59
1676,1,51
1677,4,55
1678,4,49
1679,3,76
1680,3,40
1681,1,37
1682,3,67
1683,1,35
1684,3,46
1685,2,49
1686,3,47
1687,3,60
1688,5,56
1689,3,66
1690,5,46
1691,4,46
1692,5,43
1693,3,48
1694,4,51
1695,5,69
1696,1,32
1697,1,48
1698,5,64
1699,3,56
1700,3,45
1701,3,50
1702,3,47
1703,2,51
1704,1,53
1705,4,46
1706,3,39
1707,3,59
1708,1,48
1709,4,33
1710,4,55
1711,1,41
1712,4,44
1713,3,55
1714,3,41
1715,3,57
1716,3,52
1717,2,43
1718,3,54
1719,1,53
1720,1,46
1721,4,51
1722,4,48
1723,2,58
1724,4,51
1725,2,58
1726,5,50
1727,3,57
1728,4,55
1729,3,37
1730,3,68
1731,3,47
1732,2,24
1733,3,46
1734,3,56
1735,2,55
1736,2,64
1737,4,50
1738,1,55
1739,3,63
1740,1,65
1741,1,42
1742,2,43
1743,4,44
1744,2,60
1745,3,51
1746,4,32
1747,4,47
1748,3,45
1749,4,47
1750,5,59
1751,4,54
1752,3,40
1753,1,25
1754,4,47
1755,4,65
1756,1,61
1757,2,35
1758,5,45
1759,1,52
1760,1,28
1761,2,53
1762,3,63
1763,4,36
1764,5,32
1765,1,60
1766,5,59
1767,3,46
1768,5,33
1769,4,47
1770,3,43
1771,3,56
1772,5,38
1773,5,49
1774,4,55
1775,4,54
1776,3,57
1777,3,56
1778,4,25
1779,3,35
1780,3,54
1781,3,56
1782,2,22
1783,4,62
1784,5,39
1785,1,43
1786,1,53
1787,4,35
1788,3,41
1789,5,57
1790,3,61
1791,5,56
1792,2,39
1793,1,52
1794,3,45
1795,4,47
1796,4,58
1797,3,59
1798,2,42
1799,3,50
1800,3,64
1801,4,44
1802,5,34
1803,3,64
1804,4,36
1805,4,52
1806,3,43
1807,3,54
1808,5,77
1809,2,48
1810,5,61
1811,3,45
1812,3,59
1813,3,70
1814,4,55
1815,3,39
1816,4,42
1817,4,52
1818,1,51
1819,2,35
1820,2,47
1821,4,37
1822,5,53
1823,2,56
1824,2,57
1825,5,44
1826,1,39
1827,1,37
1828,5,49
1829,3,53
1830,4,37
1831,4,57
1832,4,36
1833,3,66
1834,4,33
1835,3,39
1836,4,42
1837,3,55
1838,5,34
1839,4,27
1840,3,64
1841,4,43
1842,5,29
1843,3,63
1844,4,39
1845,3,44
1846,3,34
1847,1,38
1848,2,62
1849,3,62
1850,2,40
1851,3,59
1852,4,34
1853,3,39
1854,4,50
1855,4,34
1856,1,69
1857,3,67
1858,1,55
1859,3,56
1860,4,37
1861,5,41
1862,4,47
1863,2,54
1864,2,46
1865,3,53
1866,3,50
1867,4,28
1868,3,49
1869,3,53
1870,3,59
1871,3,48
1872,4,45
1873,4,37
1874,2,60
1875,3,58
1876,2,40
1877,3,60
1878,4,52
1879,4,55
1880,3,48
1881,2,31
1882,3,55
1883,4,41
1884,3,41
1885,2,46
1886,2,59
1887,3,56
1888,3,39
1889,3,38
1890,3,63
1891,1,58
1892,2,61
1893,3,36
1894,5,51
1895,3,55
1896,2,62
1897,4,57
1898,5,64
1899,2,55
1900,3,57
1901,4,40
1902,1,43
1903,2,48
1904,3,42
1905,5,42
1906,3,53
1907,4,56
1908,3,32
1909,3,39
1910,4,32
1911,3,52
1912,2,52
1913,3,50
1914,3,39
1915,3,56
1916,3,52
1917,1,56
1918,2,30
1919,3,47
1920,4,44
1921,3,57
1922,5,58
1923,4,48
1924,3,59
1925,2,40
1926,3,48
1927,3,27
1928,3,44
1929,3,43
1930,2,44
1931,3,43
1932,2,53
1933,3,64
1934,3,33
1935,5,52
1936,1,70
1937,3,62
1938,5,52
1939,3,54
1940,4,51
1941,4,40
1942,4,45
1943,3,43
1944,3,69
1945,4,58
1946,3,28
1947,4,58
1948,4,57
1949,4,48
1950,4,53
1951,3,46
1952,2,38
1953,4,56
1954,4,47
1955,3,49
1956,5,60
1957,1,32
1958,3,58
1959,2,44
1960,3,36
1961,2,53
1962,1,41
1963,3,49
1964,4,61
1965,4,44
1966,3,33
1967,3,45
1968,3,37
1969,5,37
1970,3,64
1971,2,46
1972,1,57
1973,3,52
1974,1,43
1975,1,45
1976,5,45
1977,3,46
1978,5,49
1979,5,49
1980,2,52
1981,1,55
1982,2,24
1983,4,46
1984,3,55
1985,3,57
1986,3,58
1987,2,33
1988,3,65
1989,3,43
1990,4,66
1991,4,54
1992,2,34
1993,2,44
1994,3,41
1995,3,45
1996,3,45
1997,3,53
1998,3,67
1999,3,38
2000,3,56
2001,3,43
2002,2,65
2003,3,51
2004,3,34
2005,4,54
2006,2,50
2007,4,45
2008,2,42
2009,2,43
2010,3,54
2011,3,29
2012,3,51
2013,5,69
2014,2,48
2015,5,39
2016,2,53
2017,3,41
2018,4,51
2019,2,44
2020,3,39
2021,4,39
2022,4,53
2023,4,54
2024,4,50
2025,1,49
2026,2,57
2027,1,38
2028,3,53
2029,5,46
2030,1,61
2031,4,57
2032,3,52
2033,2,51
2034,3,45
2035,2,22
2036,3,56
2037,3,49
2038,2,66
2039,3,50
2040,5,45
2041,3,45
2042,2,48
2043,3,42
2044,3,52
2045,2,52
2046,1,52
2047,4,60
2048,3,55
2049,4,40
2050,3,59
2051,4,44
2052,4,49
2053,5,53
2054,3,42
2055,2,61
2056,3,45
2057,1,42
2058,5,51
2059,3,32
2060,1,34
2061,3,58
2062,3,42
2063,5,46
2064,3,54
2065,2,57
2066,3,47
2067,5,50
2068,2,52
2069,3,60
2070,1,44
2071,3,62
2072,3,52
2073,1,58
2074,2,48
2075,3,60
2076,3,35
2077,2,40
2078,2,60
2079,3,58
2080,5,62
2081,3,25
2082,2,40
2083,1,37
2084,3,52
2085,2,40
2086,4,44
2087,3,53
2088,3,54
2089,3,46
2090,3,55
2091,3,48
2092,2,47
2093,3,58
2094,5,33
2095,2,44
2096,4,46
2097,4,49
2098,2,67
2099,3,55
2100,2,33
2101,2,43
2102,3,63
2103,4,59
2104,5,46
2105,3,39
2106,3,55
2107,2,38
2108,2,40
2109,2,58
2110,4,59
2111,3,51
2112,4,57
2113,4,70
2114,3,43
2115,2,47
2116,1,40
2117,4,46
2118,2,57
2119,3,69
2120,3,49
2121,3,43
2122,3,64
2123,2,67
2124,2,40
2125,1,79
2126,2,57
2127,5,46
2128,3,47
2129,4,50
2130,2,49
2131,1,57
2132,1,71
2133,2,50
2134,1,43
2135,3,39
2136,1,50
2137,3,56
2138,5,55
2139,1,44
2140,3,62
2141,3,61
2142,2,62
2143,5,60
2144,3,28
2145,3,41
2146,2,35
2147,4,45
2148,3,52
2149,3,50
2150,4,74
2151,5,49
2152,2,52
2153,4,58
2154,2,60
2155,3,39
2156,3,58
2157,4,60
2158,3,50
2159,5,54
2160,4,29
2161,2,41
2162,2,49
2163,2,53
2164,3,40
2165,3,49
2166,4,68
2167,2,51
2168,3,60
2169,3,51
2170,3,56
2171,3,48
2172,2,49
2173,4,43
2174,4,48
2175,3,49
2176,3,52
2177,3,46
2178,3,41
2179,2,56
2180,3,53
2181,4,29
2182,3,44
2183,3,54
2184,4,43
2185,3,57
2186,3,42
2187,4,41
2188,4,56
2189,3,50
2190,3,32
2191,3,48
2192,3,52
2193,3,58
2194,3,45
2195,1,51
2196,4,49
2197,3,69
2198,1,52
2199,3,46
2200,3,45
2201,5,61
2202,3,59
2203,3,47
2204,3,42
2205,1,60
2206,3,29
2207,3,39
2208,2,49
2209,3,48
2210,3,51
2211,2,33
2212,1,48
2213,3,29
2214,2,35
2215,3,57
2216,4,47
2217,3,35
2218,1,58
2219,4,30
2220,2,58
2221,2,52
2222,4,42
2223,4,48
2224,2,46
2225,1,30
2226,5,44
2227,4,60
2228,4,39
2229,5,49
2230,3,69
2231,3,41
2232,3,38
2233,1,49
2234,4,40
2235,3,42
2236,5,53
2237,4,50
2238,3,74
2239,3,43
2240,2,59
2241,3,28
2242,2,47
2243,4,61
2244,3,48
2245,2,41
2246,4,43
2247,4,46
2248,3,36
2249,2,67
2250,3,50
2251,3,62
2252,3,54
2253,5,40
2254,4,35
2255,3,38
2256,3,51
2257,3,53
2258,1,48
2259,3,48
2260,3,43
2261,4,64
2262,4,65
2263,2,54
2264,2,51
2265,3,40
2266,1,57
2267,4,50
2268,3,52
2269,4,48
2270,4,37
2271,2,34
2272,3,34
2273,4,35
2274,3,43
2275,2,52
2276,2,58
2277,3,46
2278,4,48
2279,4,56
2280,4,45
2281,3,51
2282,3,39
2283,3,46
2284,3,52
2285,3,64
2286,4,40
2287,4,47
2288,1,59
2289,2,58
2290,3,56
2291,2,61
2292,1,58
2293,4,57
2294,4,67
2295,4,49
2296,3,55
2297,3,49
2298,3,35
2299,2,50
2300,3,49
2301,3,65
2302,1,47
2303,5,63
2304,5,57
2305,3,69
2306,3,48
2307,3,50
2308,3,60
2309,3,43
2310,1,29
2311,3,67
2312,5,49
2313,3,47
2314,3,29
2315,3,54
2316,5,35
2317,2,60
2318,1,63
2319,1,49
2320,3,37
2321,3,40
2322,5,44
2323,2,59
2324,1,50
2325,5,62
2326,3,52
2327,1,44
2328,3,55
2329,4,43
2330,5,38
2331,4,58
2332,3,51
2333,3,51
2334,2,51
2335,4,62
2336,3,42
2337,3,31
2338,3,45
2339,3,49
2340,4,66
2341,3,45
2342,3,55
2343,2,53
2344,2,48
2345,4,57
2346,4,49
2347,3,54
2348,3,50
2349,3,62
2350,3,63
2351,1,55
2352,4,43
2353,3,33
2354,1,59
2355,3,60
2356,2,42
2357,4,58
2358,3,40
2359,3,56
2360,3,36
2361,3,57
2362,3,31
2363,4,67
2364,3,50
2365,3,71
2366,2,50
2367,3,50
2368,3,58
2369,3,35
2370,3,42
2371,2,48
2372,4,36
2373,3,34
2374,3,40
2375,3,53
2376,2,50
2377,4,37
2378,3,46
2379,1,62
2380,1,29
2381,3,65
2382,3,56
2383,3,50
2384,3,43
2385,4,54
2386,5,53
2387,2,56
2388,2,43
2389,3,59
2390,4,46
2391,4,58
2392,3,46
2393,3,39
2394,1,53
2395,1,47
2396,5,40
2397,2,43
2398,4,34
2399,2,53
2400,1,48
2401,4,46
2402,4,62
2403,5,60
2404,2,54
2405,2,58
2406,5,40
2407,4,57
2408,5,54
2409,3,56
2410,4,56
2411,1,51
2412,1,41
2413,4,43
2414,3,43
2415,3,43
2416,3,30
2417,2,56
2418,2,40
2419,4,46
2420,4,54
2421,5,52
2422,2,41
2423,3,64
2424,4,40
2425,5,49
2426,3,56
2427,5,62
2428,1,58
2429,2,34
2430,2,64
2431,3,28
2432,2,52
2433,2,40
2434,4,61
2435,3,74
2436,1,51
2437,4,55
2438,2,54
2439,3,65
2440,4,61
2441,3,56
2442,2,41
2443,3,49
2444,3,53
2445,3,37
2446,1,67
2447,2,41
2448,3,40
2449,2,53
2450,2,49
2451,5,65
2452,2,50
2453,4,60
2454,2,52
2455,2,50
2456,1,60
2457,1,49
2458,3,59
2459,5,56
2460,4,63
2461,5,51
2462,3,67
2463,2,60
2464,3,43
2465,5,51
2466,3,60
2467,3,35
2468,3,56
2469,4,32
2470,2,57
2471,3,49
2472,4,46
2473,4,58
2474,2,37
2475,5,39
2476,4,66
2477,2,41
2478,1,39
2479,2,60
2480,3,42
2481,3,61
2482,3,55
2483,2,50
2484,5,43
2485,4,52
2486,4,27
2487,3,46
2488,4,44
2489,5,46
2490,5,33
2491,1,36
2492,3,49
2493,3,71
2494,4,42
2495,2,39
2496,2,44
2497,2,79
2498,3,49
2499,2,63
2500,3,60
2501,2,36
2502,1,50
2503,4,53
2504,4,43
2505,3,48
2506,1,42
2507,3,64
2508,3,60
2509,1,71
2510,3,34
2511,3,68
2512,4,59
2513,4,50
2514,2,49
2515,3,50
2516,5,44
2517,3,57
2518,4,46
2519,1,44
2520,3,64
2521,4,50
2522,3,49
2523,5,64
2524,3,47
2525,2,45
2526,2,34
2527,2,48
2528,4,45
2529,4,62
2530,5,45
2531,3,56
2532,1,48
2533,2,40
2534,3,40
2535,1,54
2536,1,43
2537,3,49
2538,2,43
2539,1,62
2540,1,53
2541,2,43
2542,3,55
2543,2,57
2544,3,52
2545,4,57
2546,4,38
2547,3,49
2548,2,48
2549,2,43
2550,1,55
2551,3,57
2552,3,55
2553,2,62
2554,3,47
2555,1,75
2556,2,48
2557,5,46
2558,2,50
2559,2,43
2560,3,62
2561,1,50
2562,3,82
2563,3,66
2564,2,35
2565,4,47
2566,4,61
2567,3,28
2568,4,71
2569,3,56
2570,3,54
2571,4,45
2572,4,59
2573,3,48
2574,3,39
2575,4,52
2576,3,57
2577,3,56
2578,1,25
2579,2,50
2580,3,50
2581,3,54
2582,2,51
2583,1,58
2584,4,73
2585,3,46
2586,2,57
2587,3,69
2588,3,59
2589,1,35
2590,4,39
2591,3,48
2592,3,55
2593,4,76
2594,4,47
2595,3,36
2596,3,49
2597,5,32
2598,5,63
2599,4,55
2600,4,45
2601,4,39
2602,3,45
2603,1,60
2604,5,38
2605,4,49
2606,3,48
2607,3,41
2608,4,47
2609,3,50
2610,4,42
2611,3,49
2612,3,41
2613,3,49
2614,3,69
2615,4,65
2616,4,35
2617,3,42
2618,2,38
2619,3,44
2620,1,27
2621,3,52
2622,2,54
2623,2,56
2624,5,42
2625,2,58
2626,5,54
2627,4,46
2628,3,56
2629,2,65
2630,4,35
2631,3,59
2632,3,50
2633,3,45
2634,3,29
2635,4,35
2636,3,68
2637,4,62
2638,4,56
2639,3,63
2640,2,43
2641,5,45
2642,2,47
2643,4,46
2644,3,55
2645,4,50
2646,2,48
2647,4,42
2648,5,47
2649,4,41
2650,4,47
2651,4,39
2652,3,49
2653,3,41
2654,2,46
2655,2,59
2656,2,49
2657,4,48
2658,3,38
2659,5,50
2660,2,74
2661,2,67
2662,2,40
2663,3,51
2664,1,49
2665,3,45
2666,4,42
2667,1,61
2668,2,48
2669,3,59
2670,3,49
2671,1,53
2672,1,56
2673,3,72
2674,3,55
2675,3,57
2676,1,56
2677,3,43
2678,3,57
2679,2,51
2680,3,38
2681,3,44
2682,2,55
2683,5,54
2684,4,62
2685,3,62
2686,3,60
2687,1,63
2688,2,27
2689,3,36
2690,4,49
2691,2,67
2692,3,43
2693,3,54
2694,3,57
2695,1,34
2696,4,31
2697,3,42
2698,3,78
2699,3,36
2700,2,50
2701,2,56
2702,4,47
2703,2,44
2704,1,31
2705,4,57
2706,4,45
2707,5,59
2708,4,52
2709,3,32
2710,2,40
2711,1,48
2712,4,51
2713,3,36
2714,2,44
2715,2,43
2716,2,43
2717,4,67
2718,5,44
2719,2,58
2720,2,41
2721,4,54
2722,4,59
2723,3,61
2724,3,33
2725,3,52
2726,3,32
2727,2,36
2728,3,45
2729,3,62
2730,3,49
2731,4,47
2732,2,35
2733,3,55
2734,1,56
2735,5,37
2736,3,46
2737,3,45
2738,4,55
2739,3,55
2740,3,72
2741,4,58
2742,1,35
2743,1,40
2744,5,63
2745,1,69
2746,3,52
2747,3,51
2748,4,55
2749,3,44
2750,4,54
2751,4,48
2752,3,60
2753,4,44
2754,3,64
2755,2,52
2756,4,17
2757,3,23
2758,5,56
2759,4,46
2760,1,40
2761,2,58
2762,3,53
2763,1,45
2764,2,30
2765,3,64
2766,4,41
2767,3,65
2768,5,47
2769,5,41
2770,3,43
2771,3,57
2772,3,39
2773,2,57
2774,3,39
2775,2,52
2776,3,59
2777,3,54
2778,2,72
2779,4,67
2780,5,52
2781,2,39
2782,3,58
2783,4,48
2784,2,30
2785,3,65
2786,4,70
2787,5,57
2788,3,49
2789,2,58
2790,3,54
2791,3,47
2792,4,46
2793,3,44
2794,3,38
2795,3,44
2796,3,48
2797,3,33
2798,2,38
2799,3,69
2800,1,68
2801,3,47
2802,3,51
2803,3,43
2804,3,49
2805,3,49
2806,4,52
2807,5,40
2808,2,43
2809,2,31
2810,1,47
2811,3,47
2812,1,60
2813,3,59
2814,3,46
2815,4,38
2816,2,64
2817,4,48
2818,5,69
2819,4,50
2820,2,59
2821,3,49
2822,4,51
2823,3,52
2824,4,42
2825,2,59
2826,3,46
2827,3,54
2828,2,47
2829,4,36
2830,3,33
2831,3,48
2832,4,54
2833,2,45
2834,2,50
2835,4,58
2836,1,62
2837,2,39
2838,2,41
2839,2,50
2840,3,53
2841,3,63
2842,3,53
2843,3,39
2844,5,40
2845,3,62
2846,2,45
2847,3,52
2848,2,53
2849,4,42
2850,4,39
2851,5,66
2852,2,48
2853,3,51
2854,4,58
2855,2,46
2856,3,54
2857,3,40
2858,5,61
2859,3,49
2860,3,57
2861,3,39
2862,4,54
2863,2,65
2864,4,56
2865,3,62
2866,3,53
2867,3,58
2868,2,55
2869,2,52
2870,2,47
2871,3,58
2872,4,49
2873,3,45
2874,3,40
2875,5,45
2876,3,58
2877,3,42
2878,3,49
2879,5,51
2880,2,64
2881,2,43
2882,4,50
2883,3,46
2884,3,45
2885,4,38
2886,3,55
2887,3,62
2888,4,56
2889,5,66
2890,2,60
2891,3,26
2892,4,34
2893,3,49
2894,3,39
2895,4,42
2896,1,53
2897,5,45
2898,2,35
2899,4,43
2900,3,57
2901,4,48
2902,5,45
2903,5,51
2904,2,44
2905,2,51
2906,3,39
2907,3,43
2908,1,62
2909,3,52
2910,4,53
2911,3,62
2912,4,42
2913,3,45
2914,3,40
2915,3,51
2916,4,44
2917,2,69
2918,1,41
2919,2,42
2920,3,55
2921,3,52
2922,1,38
2923,4,48
2924,2,55
2925,2,47
2926,5,55
2927,3,61
2928,4,68
2929,3,39
2930,4,42
2931,1,58
2932,2,62
2933,2,56
2934,3,41
2935,2,47
2936,4,40
2937,2,63
2938,4,49
2939,3,51
2940,4,46
2941,3,59
2942,5,27
2943,3,39
2944,3,53
2945,3,53
2946,2,41
2947,5,58
2948,1,35
2949,4,41
2950,3,61
2951,2,60
2952,5,49
2953,5,54
2954,3,53
2955,3,61
2956,5,37
2957,2,44
2958,4,54
2959,5,48
2960,3,48
2961,1,38
2962,4,56
2963,1,65
2964,3,52
2965,2,37
2966,3,50
2967,3,41
2968,3,47
2969,3,44
2970,2,37
2971,3,38
2972,3,41
2973,3,65
2974,3,45
2975,3,45
2976,3,46
2977,2,60
2978,3,43
2979,3,65
2980,1,57
2981,5,53
2982,4,51
2983,4,49
2984,3,45
2985,4,65
2986,1,53
2987,2,45
2988,3,43
2989,5,56
2990,3,52
2991,3,61
2992,2,50
2993,3,62
2994,3,53
2995,3,46
2996,3,51
2997,3,47
2998,3,58
2999,3,55
3000,2,40
3001,3,30
3002,3,57
3003,2,45
3004,3,26
3005,3,51
3006,2,37
3007,5,62
3008,2,46
3009,5,65
3010,5,39
3011,4,55
3012,4,42
3013,3,44
3014,3,39
3015,2,52
3016,1,36
3017,2,68
3018,2,56
3019,2,68
3020,3,29
3021,4,57
3022,2,50
3023,2,57
3024,5,45
3025,5,51
3026,3,53
3027,1,49
3028,3,57
3029,3,42
3030,3,52
3031,3,48
3032,3,59
3033,5,54
3034,2,38
3035,3,66
3036,5,50
3037,4,54
3038,2,33
3039,4,42
3040,2,52
3041,3,45
3042,3,58
3043,3,54
3044,5,34
3045,4,48
3046,4,66
3047,2,49
3048,2,61
3049,3,45
3050,2,60
3051,4,51
3052,4,41
3053,2,65
3054,3,55
3055,2,41
3056,3,65
3057,3,33
3058,3,55
3059,1,55
3060,4,43
3061,2,49
3062,4,35
3063,1,47
3064,1,64
3065,3,55
3066,3,40
3067,1,50
3068,3,45
3069,3,21
3070,4,62
3071,4,39
3072,3,67
3073,3,42
3074,3,30
3075,3,62
3076,2,47
3077,1,50
3078,3,56
3079,4,57
3080,2,53
3081,3,46
3082,5,58
3083,3,49
3084,3,67
3085,5,48
3086,3,44
3087,2,65
3088,4,56
3089,1,41
3090,4,47
3091,5,50
3092,5,44
3093,4,61
3094,3,63
3095,2,34
3096,3,53
3097,4,52
3098,3,71
3099,1,55
3100,2,50
3101,2,54
3102,3,61
3103,5,49
3104,2,45
3105,5,64
3106,2,48
3107,3,59
3108,4,56
3109,3,50
3110,4,54
3111,5,40
3112,5,67
3113,3,47
3114,3,44
3115,3,46
3116,3,57
3117,2,56
3118,4,61
3119,2,68
3120,3,58
3121,1,44
3122,3,56
3123,2,28
3124,3,42
3125,5,62
3126,3,41
3127,3,66
3128,1,39
3129,4,55
3130,1,63
3131,1,61
3132,5,60
3133,3,42
3134,4,55
3135,3,43
3136,2,61
3137,2,61
3138,4,54
3139,3,47
3140,3,39
3141,3,62
3142,3,51
3143,1,29
3144,2,37
3145,3,49
3146,1,66
3147,4,72
3148,1,40
3149,2,37
3150,3,51
3151,2,51
3152,5,44
3153,3,46
3154,3,66
3155,3,65
3156,3,37
3157,3,40
3158,1,43
3159,5,52
3160,3,35
3161,3,53
3162,5,64
3163,1,47
3164,3,35
3165,2,32
3166,3,56
3167,3,44
3168,3,43
3169,3,38
3170,3,42
3171,1,34
3172,3,71
3173,2,62
3174,4,29
3175,1,68
3176,2,48
3177,1,70
3178,1,68
3179,3,59
3180,4,58
3181,2,42
3182,2,61
3183,5,36
3184,2,45
3185,3,61
3186,1,50
3187,1,62
3188,2,40
3189,2,47
3190,5,37
3191,2,43
3192,3,82
3193,5,53
3194,2,60
3195,1,54
3196,1,45
3197,3,50
3198,2,66
3199,3,60
3200,2,46
3201,5,52
3202,3,37
3203,3,54
3204,1,49
3205,2,28
3206,1,45
3207,3,39
3208,1,52
3209,5,65
3210,2,40
3211,4,58
3212,4,38
3213,2,52
3214,5,61
3215,3,51
3216,4,58
3217,3,57
3218,5,39
3219,4,32
3220,4,52
3221,3,49
3222,3,43
3223,2,50
3224,3,44
3225,4,46
3226,3,51
3227,3,49
3228,3,43
3229,4,54
3230,3,51
3231,1,50
3232,3,37
3233,1,39
3234,3,32
3235,3,56
3236,2,63
3237,5,40
3238,3,29
3239,5,49
3240,3,51
3241,3,55
3242,2,57
3243,4,47
3244,2,54
3245,1,45
3246,4,54
3247,3,43
3248,3,61
3249,5,61
3250,2,48
3251,3,53
3252,5,46
3253,4,60
3254,3,51
3255,3,44
3256,4,44
3257,4,52
3258,3,51
3259,4,52
3260,3,42
3261,3,51
3262,4,74
3263,4,46
3264,2,58
3265,4,49
3266,3,40
3267,2,39
3268,3,39
3269,3,41
3270,2,55
3271,4,62
3272,3,35
3273,4,66
3274,5,69
3275,3,31
3276,3,59
3277,4,63
3278,1,60
3279,4,55
3280,2,31
3281,1,50
3282,4,47
3283,2,60
3284,2,55
3285,3,54
3286,1,50
3287,4,53
3288,2,53
3289,5,50
3290,2,38
3291,1,44
3292,1,47
3293,3,63
3294,3,65
3295,2,55
3296,4,49
3297,2,74
3298,1,35
3299,3,49
3300,2,41
3301,4,43
3302,3,52
3303,3,59
3304,3,65
3305,1,43
3306,2,40
3307,3,66
3308,3,40
3309,1,39
3310,3,32
3311,2,56
3312,3,43
3313,4,45
3314,2,36
3315,2,55
3316,5,55
3317,2,62
3318,3,24
3319,1,39
3320,4,51
3321,4,32
3322,5,50
3323,5,44
3324,4,62
3325,3,33
3326,4,43
3327,3,54
3328,4,44
3329,3,38
3330,5,57
3331,3,52
3332,2,39
3333,4,59
3334,3,36
3335,4,35
3336,2,66
3337,5,55
3338,2,69
3339,4,46
3340,4,67
3341,3,40
3342,5,54
3343,2,32
3344,1,50
3345,3,38
3346,4,60
3347,2,43
3348,2,68
3349,3,36
3350,3,56
3351,3,79
3352,5,48
3353,4,73
3354,5,39
3355,4,39
3356,1,42
3357,2,45
3358,2,51
3359,5,52
3360,2,39
3361,3,50
3362,3,39
3363,3,43
3364,3,58
3365,2,37
3366,2,44
3367,4,55
3368,4,63
3369,2,59
3370,2,56
3371,3,55
3372,4,68
3373,4,73
3374,3,43
3375,3,49
3376,2,50
3377,5,50
3378,3,37
3379,5,50
3380,2,54
3381,2,39
3382,1,46
3383,3,60
3384,2,66
3385,3,68
3386,2,48
3387,4,52
3388,4,58
3389,1,43
3390,3,76
3391,2,49
3392,2,52
3393,3,43
3394,3,28
3395,5,69
3396,3,22
3397,5,38
3398,5,40
3399,3,54
3400,3,32
3401,4,56
3402,4,47
3403,3,57
3404,3,49
3405,1,40
3406,1,35
3407,3,41
3408,3,50
3409,2,65
3410,3,54
3411,2,50
3412,3,37
3413,2,34
3414,5,48
3415,3,44
3416,4,49
3417,3,35
3418,4,62
3419,3,57
3420,3,52
3421,5,22
3422,2,65
3423,4,29
3424,3,66
3425,2,29
3426,3,42
3427,1,52
3428,3,53
3429,2,39
3430,4,31
3431,4,51
3432,3,40
3433,2,29
3434,1,43
3435,1,59
3436,4,56
3437,1,57
3438,2,62
3439,3,42
3440,4,43
3441,3,49
3442,2,45
3443,3,48
3444,3,39
3445,3,47
3446,1,68
3447,5,50
3448,2,47
3449,3,36
3450,5,55
3451,3,45
3452,2,45
3453,3,47
3454,3,50
3455,5,49
3456,3,67
3457,3,67
3458,4,48
3459,2,43
3460,2,67
3461,3,59
3462,4,46
3463,3,47
3464,4,52
3465,4,38
3466,3,37
3467,4,27
3468,3,55
3469,3,57
3470,5,52
3471,4,39
3472,4,49
3473,1,50
3474,3,48
3475,3,17
3476,1,48
3477,4,47
3478,3,35
3479,3,57
3480,2,51
3481,5,50
3482,3,56
3483,5,44
3484,4,58
3485,4,38
3486,3,44
3487,4,56
3488,4,64
3489,4,41
3490,2,57
3491,4,44
3492,3,46
3493,3,53
3494,3,59
3495,3,47
3496,2,50
3497,2,57
3498,5,51
3499,2,50
3500,1,50
3501,3,57
3502,3,67
3503,3,53
3504,2,45
3505,3,38
3506,1,55
3507,4,37
3508,2,43
3509,3,49
3510,4,46
3511,3,62
3512,3,55
3513,3,31
3514,3,48
3515,2,46
3516,2,39
3517,2,52
3518,3,57
3519,3,53
3520,4,48
3521,1,62
3522,4,70
3523,1,33
3524,3,55
3525,5,38
3526,3,50
3527,3,51
3528,4,58
3529,3,51
3530,3,50
3531,1,60
3532,4,33
3533,4,47
3534,3,44
3535,4,60
3536,4,39
3537,5,54
3538,2,35
3539,4,63
3540,3,52
3541,5,51
3542,3,44
3543,3,44
3544,5,57
3545,3,74
3546,4,69
3547,3,36
3548,3,36
3549,2,52
3550,2,50
3551,3,49
3552,3,43
3553,3,58
3554,5,61
3555,1,53
3556,3,49
3557,4,40
3558,4,60
3559,2,41
3560,1,56
3561,3,52
3562,3,42
3563,3,49
3564,3,64
3565,2,41
3566,3,45
3567,3,38
3568,3,65
3569,4,45
3570,1,43
3571,3,50
3572,3,44
3573,4,48
3574,5,38
3575,1,62
3576,3,47
3577,3,37
3578,5,58
3579,5,41
3580,3,48
3581,3,56
3582,4,50
3583,3,59
3584,3,38
3585,1,49
3586,3,48
3587,5,55
3588,3,50
3589,5,30
3590,4,40
3591,4,49
3592,2,46
3593,1,51
3594,4,48
3595,3,54
3596,2,51
3597,4,45
3598,4,69
3599,5,49
3600,4,55
3601,3,47
3602,2,29
3603,4,62
3604,3,29
3605,5,50
3606,2,33
3607,2,48
3608,3,46
3609,2,55
3610,5,43
3611,4,44
3612,1,62
3613,2,53
3614,3,59
3615,2,30
3616,3,53
3617,5,46
3618,4,54
3619,2,44
3620,2,44
3621,3,57
3622,2,51
3623,2,47
3624,3,50
3625,1,56
3626,4,45
3627,2,55
3628,3,45
3629,4,63
3630,1,47
3631,4,59
3632,2,57
3633,3,41
3634,4,35
3635,3,47
3636,3,57
3637,2,35
3638,2,39
3639,2,61
3640,3,34
3641,2,55
3642,5,62
3643,4,48
3644,2,67
3645,3,55
3646,2,49
3647,1,47
3648,5,38
3649,2,62
3650,2,49
3651,3,54
3652,3,39
3653,3,37
3654,5,57
3655,4,33
3656,2,61
3657,3,49
3658,3,59
3659,3,60
3660,3,53
3661,3,56
3662,5,60
3663,4,71
3664,1,39
3665,2,67
3666,4,21
3667,3,54
3668,3,49
3669,1,63
3670,1,62
3671,5,58
3672,2,44
3673,2,57
3674,5,45
3675,3,54
3676,3,45
3677,3,32
3678,4,51
3679,3,44
3680,3,69
3681,3,72
3682,3,60
3683,3,49
3684,4,45
3685,2,52
3686,4,46
3687,1,41
3688,4,40
3689,3,47
3690,2,45
3691,3,60
3692,3,63
3693,1,42
3694,2,38
3695,3,40
3696,3,48
3697,1,50
3698,3,60
3699,2,54
3700,1,43
3701,5,38
3702,3,47
3703,2,53
3704,2,52
3705,3,48
3706,3,67
3707,5,48
3708,3,50
3709,4,32
3710,1,57
3711,3,34
3712,3,42
3713,3,44
3714,3,67
3715,3,48
3716,2,32
3717,3,50
3718,2,37
3719,1,34
3720,3,63
3721,3,53
3722,3,35
3723,3,45
3724,4,68
3725,1,40
3726,5,42
3727,3,63
3728,5,42
3729,3,58
3730,5,55
3731,3,43
3732,4,39
3733,3,48
3734,3,39
3735,4,35
3736,4,51
3737,3,60
3738,3,56
3739,3,43
3740,3,58
3741,2,50
3742,3,42
3743,3,30
3744,4,42
3745,3,44
3746,4,33
3747,3,54
3748,2,55
3749,1,60
3750,4,42
3751,4,62
3752,3,48
3753,3,54
3754,4,48
3755,4,50
3756,3,57
3757,3,63
3758,3,63
3759,4,42
3760,4,47
3761,2,60
3762,3,40
3763,4,55
3764,3,57
3765,5,48
3766,3,54
3767,3,61
3768,1,54
3769,3,40
3770,4,54
3771,1,52
3772,3,56
3773,4,48
3774,3,49
3775,1,45
3776,3,44
3777,2,41
3778,2,40
3779,3,64
3780,2,48
3781,3,57
3782,3,51
3783,1,36
3784,3,68
3785,2,66
3786,4,42
3787,2,51
3788,2,45
3789,2,55
3790,5,45
3791,3,43
3792,3,44
3793,3,41
3794,5,47
3795,2,51
3796,3,60
3797,3,36
3798,2,55
3799,3,68
3800,2,51
3801,3,43
3802,3,53
3803,3,51
3804,3,38
3805,3,57
3806,3,27
3807,3,39
3808,3,57
3809,3,56
3810,2,47
3811,5,80
3812,2,50
3813,4,51
3814,3,32
3815,3,53
3816,4,52
3817,3,66
3818,3,44
3819,5,65
3820,2,58
3821,2,67
3822,5,44
3823,3,45
3824,3,39
3825,2,71
3826,1,68
3827,3,46
3828,4,46
3829,5,46
3830,1,37
3831,2,46
3832,3,42
3833,4,53
3834,3,50
3835,4,43
3836,4,43
3837,4,67
3838,5,42
3839,5,47
3840,3,37
3841,5,42
3842,5,62
3843,3,54
3844,2,39
3845,3,50
3846,4,49
3847,2,51
3848,4,34
3849,3,49
3850,3,45
3851,3,44
3852,5,58
3853,4,45
3854,3,44
3855,3,56
3856,4,34
3857,4,56
3858,2,52
3859,1,37
3860,1,50
3861,3,69
3862,2,64
3863,2,65
3864,3,48
3865,3,54
3866,4,55
3867,4,51
3868,1,40
3869,3,52
3870,3,56
3871,3,44
3872,4,41
3873,4,48
3874,3,41
3875,1,48
3876,1,37
3877,2,38
3878,1,34
3879,2,31
3880,2,41
3881,2,42
3882,3,52
3883,2,43
3884,2,51
3885,3,55
3886,3,51
3887,3,39
3888,5,59
3889,3,45
3890,3,44
3891,4,47
3892,2,46
3893,5,59
3894,4,54
3895,2,44
3896,4,48
3897,2,59
3898,4,37
3899,3,64
3900,3,46
3901,3,40
3902,2,61
3903,3,40
3904,4,50
3905,2,60
3906,2,57
3907,3,22
3908,2,62
3909,3,49
3910,3,56
3911,3,55
3912,4,55
3913,4,58
3914,3,61
3915,3,40
3916,1,42
3917,3,58
3918,4,47
3919,3,57
3920,2,46
3921,3,55
3922,3,49
3923,4,46
3924,4,59
3925,2,44
3926,3,57
3927,2,58
3928,4,50
3929,1,23
3930,4,57
3931,1,51
3932,3,45
3933,1,51
3934,3,51
3935,4,52
3936,5,41
3937,2,40
3938,4,63
3939,3,45
3940,2,61
3941,5,28
3942,2,41
3943,3,45
3944,2,64
3945,3,59
3946,3,41
3947,4,37
3948,2,56
3949,5,43
3950,1,41
3951,3,49
3952,2,48
3953,1,37
3954,3,34
3955,3,55
3956,3,57
3957,3,64
3958,2,62
3959,2,54
3960,3,37
3961,4,43
3962,5,56
3963,2,52
3964,3,55
3965,1,59
3966,3,67
3967,3,32
3968,3,49
3969,1,68
3970,3,55
3971,3,54
3972,2,54
3973,3,73
3974,3,71
3975,3,38
3976,4,49
3977,5,55
3978,3,51
3979,2,55
3980,3,52
3981,5,29
3982,1,38
3983,2,37
3984,5,50
3985,5,62
3986,3,79
3987,2,56
3988,1,53
3989,4,41
3990,3,58
3991,3,51
3992,1,53
3993,4,30
3994,2,27
3995,3,64
3996,3,47
3997,5,44
3998,3,43
3999,4,51
4000,3,62
4001,3,53
4002,3,40
4003,4,51
4004,3,58
4005,1,37
4006,5,34
4007,1,46
4008,4,68
4009,3,45
4010,5,35
4011,5,34
4012,1,65
4013,3,57
4014,2,43
4015,2,60
4016,1,51
4017,3,48
4018,3,49
4019,5,24
4020,4,49
4021,1,64
4022,4,65
4023,2,31
4024,2,61
4025,3,46
4026,1,32
4027,3,40
4028,2,63
4029,4,47
4030,3,24
4031,2,61
4032,3,38
4033,2,64
4034,2,61
4035,5,45
4036,3,49
4037,4,44
4038,1,62
4039,4,48
4040,1,55
4041,3,66
4042,5,38
4043,2,54
4044,5,45
4045,4,37
4046,3,43
4047,3,68
4048,4,31
4049,4,33
4050,2,44
4051,5,37
4052,3,58
4053,2,55
4054,1,55
4055,4,68
4056,3,39
4057,4,39
4058,5,25
4059,5,37
4060,2,52
4061,4,49
4062,3,43
4063,1,58
4064,2,48
4065,3,39
4066,5,50
4067,3,26
4068,3,46
4069,2,58
4070,2,53
4071,3,57
4072,2,48
4073,3,48
4074,3,40
4075,3,59
4076,2,45
4077,3,54
4078,1,63
4079,3,59
4080,2,60
4081,3,52
4082,4,61
4083,3,50
4084,3,30
4085,5,60
4086,4,47
4087,3,37
4088,1,55
4089,3,35
4090,3,46
4091,2,69
4092,2,45
4093,1,60
4094,2,51
4095,3,46
4096,3,54
4097,5,44
4098,3,56
4099,3,58
4100,4,45
4101,3,45
4102,2,43
4103,5,67
4104,1,53
4105,2,51
4106,1,68
4107,5,52
4108,4,43
4109,4,45
4110,2,41
4111,3,44
4112,3,44
4113,2,47
4114,3,49
4115,3,54
4116,3,58
4117,3,52
4118,5,46
4119,2,52
4120,3,54
4121,2,64
4122,2,48
4123,3,64
4124,5,48
4125,2,26
4126,3,31
4127,4,45
4128,3,57
4129,5,58
4130,3,48
4131,3,30
4132,2,40
4133,3,67
4134,4,55
4135,1,57
4136,3,42
4137,4,44
4138,3,58
4139,3,63
4140,4,54
4141,1,53
4142,1,46
4143,2,46
4144,3,45
4145,3,51
4146,4,51
4147,1,45
4148,2,50
4149,4,49
4150,4,67
4151,2,47
4152,2,59
4153,5,48
4154,1,39
4155,4,28
4156,2,41
4157,2,53
4158,2,46
4159,4,66
4160,3,54
4161,3,58
4162,3,63
4163,2,34
4164,2,54
4165,2,47
4166,3,56
4167,3,59
4168,1,64
4169,4,45
4170,4,53
4171,3,34
4172,5,47
4173,3,57
4174,4,49
4175,3,35
4176,4,59
4177,4,60
4178,3,74
4179,3,45
4180,3,35
4181,3,39
4182,5,60
4183,5,62
4184,3,73
4185,4,38
4186,4,45
4187,1,58
4188,3,50
4189,2,53
4190,3,53
4191,4,35
4192,1,45
4193,4,49
4194,1,58
4195,2,67
4196,4,55
4197,3,34
4198,3,42
4199,3,46
4200,3,68
4201,4,37
4202,3,53
4203,4,36
4204,2,43
4205,3,36
4206,4,40
4207,3,36
4208,3,59
4209,1,54
4210,2,51
4211,4,32
4212,3,49
4213,3,53
4214,5,40
4215,4,61
4216,3,51
4217,4,39
4218,3,42
4219,4,56
4220,2,47
4221,3,53
4222,4,66
4223,2,40
4224,3,35
4225,3,42
4226,3,35
4227,3,43
4228,4,58
4229,3,54
4230,3,42
4231,3,48
4232,2,41
4233,5,48
4234,3,43
4235,5,41
4236,2,36
4237,3,42
4238,5,34
4239,1,42
4240,2,46
4241,4,66
4242,3,50
4243,3,54
4244,4,47
4245,3,35
4246,3,56
4247,3,60
4248,1,62
4249,4,48
4250,3,52
4251,1,43
4252,3,59
4253,3,42
4254,3,61
4255,1,35
4256,3,50
4257,4,50
4258,2,40
4259,4,47
4260,1,36
4261,2,53
4262,2,54
4263,5,71
4264,4,34
4265,3,56
4266,3,48
4267,4,57
4268,3,55
4269,2,43
4270,3,54
4271,3,27
4272,2,38
4273,3,64
4274,3,35
4275,2,55
4276,2,47
4277,3,52
4278,4,41
4279,4,46
4280,1,44
4281,2,32
4282,3,50
4283,4,61
4284,1,61
4285,4,56
4286,5,54
4287,3,52
4288,2,39
4289,3,56
4290,3,47
4291,1,48
4292,4,54
4293,3,62
4294,3,51
4295,3,56
4296,4,62
4297,5,40
4298,1,41
4299,3,40
4300,3,55
4301,4,56
4302,2,41
4303,3,44
4304,3,43
4305,3,39
4306,4,60
4307,5,52
4308,4,51
4309,2,47
4310,3,57
4311,3,65
4312,5,49
4313,3,49
4314,3,37
4315,2,78
4316,1,49
4317,1,71
4318,4,66
4319,4,43
4320,3,41
4321,4,66
4322,2,37
4323,4,59
4324,2,45
4325,1,46
4326,3,54
4327,2,45
4328,4,54
4329,4,39
4330,2,43
4331,3,44
4332,4,59
4333,3,35
4334,5,76
4335,1,40
4336,3,35
4337,2,54
4338,5,61
4339,4,50
4340,2,52
4341,2,45
4342,2,52
4343,3,57
4344,1,58
4345,2,65
4346,3,49
4347,3,45
4348,2,54
4349,3,58
4350,3,46
4351,3,30
4352,4,45
4353,3,47
4354,3,63
4355,2,51
4356,4,35
4357,2,52
4358,2,55
4359,3,42
4360,2,34
4361,4,36
4362,3,44
4363,5,36
4364,1,69
4365,3,48
4366,2,74
4367,2,53
4368,3,59
4369,2,50
4370,3,47
4371,5,50
4372,3,56
4373,3,50
4374,4,49
4375,2,45
4376,3,69
4377,1,43
4378,3,42
4379,4,69
4380,3,58
4381,4,52
4382,2,34
4383,3,59
4384,2,65
4385,3,63
4386,3,49
4387,2,55
4388,1,38
4389,2,54
4390,2,45
4391,4,51
4392,2,39
4393,4,48
4394,2,45
4395,5,50
4396,1,53
4397,4,49
4398,3,43
4399,2,51
4400,4,56
4401,5,53
4402,4,55
4403,3,53
4404,5,49
4405,3,24
4406,4,58
4407,3,67
4408,2,38
4409,2,48
4410,3,37
4411,5,73
4412,2,29
4413,1,60
4414,4,39
4415,3,64
4416,3,43
4417,4,46
4418,1,71
4419,3,55
4420,4,45
4421,2,51
4422,2,47
4423,3,42
4424,1,22
4425,2,51
4426,3,61
4427,1,48
4428,3,42
4429,5,39
4430,4,30
4431,2,48
4432,5,72
4433,3,35
4434,3,75
4435,1,38
4436,3,59
4437,2,49
4438,5,49
4439,3,58
4440,3,52
4441,3,59
4442,4,39
4443,3,34
4444,2,54
4445,3,32
4446,3,37
4447,2,46
4448,3,48
4449,2,44
4450,3,58
4451,2,40
4452,4,63
4453,4,60
4454,2,60
4455,2,53
4456,3,50
4457,4,66
4458,3,42
4459,3,53
4460,3,49
4461,4,39
4462,3,47
4463,2,42
4464,3,61
4465,5,61
4466,2,46
4467,5,71
4468,4,30
4469,4,62
4470,4,41
4471,2,55
4472,4,58
4473,5,47
4474,2,36
4475,3,54
4476,3,49
4477,3,48
4478,3,55
4479,4,55
4480,3,51
4481,3,48
4482,3,58
4483,3,51
4484,4,52
4485,2,37
4486,4,48
4487,3,45
4488,2,54
4489,5,54
4490,3,50
4491,2,63
4492,4,41
4493,5,38
4494,3,38
4495,3,46
4496,5,61
4497,3,46
4498,2,52
4499,5,57
4500,3,42
4501,3,40
4502,3,55
4503,3,55
4504,1,52
4505,5,44
4506,4,52
4507,5,61
4508,1,57
4509,1,49
4510,2,46
4511,2,62
4512,3,52
4513,2,49
4514,3,54
4515,3,48
4516,4,55
4517,3,51
4518,3,50
4519,4,70
4520,1,31
4521,1,45
4522,3,51
4523,2,54
4524,5,45
4525,5,56
4526,4,53
4527,4,66
4528,4,59
4529,2,54
4530,3,50
4531,3,57
4532,5,56
4533,2,55
4534,4,62
4535,3,46
4536,1,70
4537,3,50
4538,2,43
4539,3,48
4540,5,50
4541,3,61
4542,2,55
4543,1,46
4544,5,51
4545,3,48
4546,3,44
4547,2,65
4548,4,65
4549,2,51
4550,4,50
4551,3,56
4552,4,50
4553,4,45
4554,1,46
4555,4,57
4556,2,72
4557,3,54
4558,4,56
4559,2,58
4560,3,42
4561,1,51
4562,4,40
4563,3,28
4564,3,52
4565,2,51
4566,3,38
4567,1,58
4568,4,52
4569,2,45
4570,2,58
4571,3,44
4572,4,54
4573,1,47
4574,2,43
4575,3,50
4576,3,59
4577,2,48
4578,2,44
4579,1,45
4580,3,48
4581,1,60
4582,3,48
4583,3,65
4584,3,45
4585,3,55
4586,3,56
4587,2,52
4588,4,49
4589,3,44
4590,2,51
4591,3,51
4592,4,48
4593,3,50
4594,5,29
4595,1,39
4596,2,47
4597,5,41
4598,4,50
4599,3,61
4600,3,40
4601,2,40
4602,4,58
4603,5,47
4604,3,53
4605,1,73
4606,4,44
4607,3,42
4608,2,31
4609,3,41
4610,2,53
4611,1,57
4612,3,46
4613,3,37
4614,3,56
4615,2,45
4616,1,50
4617,3,38
4618,4,60
4619,4,45
4620,3,32
4621,3,45
4622,4,49
4623,1,39
4624,5,69
4625,2,58
4626,3,64
4627,3,57
4628,1,53
4629,2,27
4630,2,39
4631,4,45
4632,2,56
4633,3,68
4634,3,65
4635,2,41
4636,2,57
4637,1,42
4638,1,40
4639,3,65
4640,2,34
4641,5,66
4642,2,38
4643,4,59
4644,4,66
4645,4,43
4646,4,38
4647,1,54
4648,5,57
4649,4,54
4650,3,55
4651,3,46
4652,4,46
4653,4,54
4654,4,51
4655,3,47
4656,1,34
4657,4,56
4658,3,54
4659,2,56
4660,3,29
4661,5,47
4662,1,51
4663,2,34
4664,5,47
4665,3,60
4666,2,58
4667,2,47
4668,3,38
4669,1,47
4670,3,53
4671,4,53
4672,5,56
4673,2,47
4674,5,63
4675,3,46
4676,4,46
4677,4,41
4678,2,55
4679,2,43
4680,3,55
4681,2,52
4682,4,46
4683,2,63
4684,3,51
4685,4,32
4686,2,57
4687,3,45
4688,3,36
4689,1,52
4690,3,55
4691,5,46
4692,3,67
4693,4,55
4694,4,36
4695,2,32
4696,3,47
4697,3,61
4698,3,54
4699,2,46
4700,3,44
4701,3,68
4702,3,47
4703,2,47
4704,3,40
4705,4,59
4706,1,56
4707,1,51
4708,3,56
4709,3,43
4710,3,65
4711,1,60
4712,2,53
4713,3,58
4714,2,35
4715,3,47
4716,4,51
4717,5,44
4718,1,45
4719,3,51
4720,3,31
4721,1,50
4722,4,58
4723,5,54
4724,3,51
4725,1,56
4726,1,50
4727,4,52
4728,3,36
4729,2,41
4730,1,57
4731,3,53
4732,4,52
4733,4,65
4734,3,42
4735,5,43
4736,5,30
4737,3,47
4738,4,34
4739,4,46
4740,2,56
4741,1,37
4742,2,58
4743,3,50
4744,3,43
4745,3,45
4746,4,34
4747,2,45
4748,4,43
4749,2,64
4750,3,40
4751,1,34
4752,1,20
4753,3,57
4754,2,44
4755,3,55
4756,3,69
4757,5,36
4758,2,30
4759,2,42
4760,3,41
4761,4,39
4762,2,44
4763,4,43
4764,2,51
4765,3,50
4766,4,45
4767,1,26
4768,5,43
4769,2,45
4770,2,63
4771,4,62
4772,3,49
4773,5,26
4774,1,62
4775,5,64
4776,4,83
4777,5,58
4778,4,42
4779,5,42
4780,5,75
4781,3,47
4782,5,43
4783,3,54
4784,4,42
4785,2,54
4786,4,61
4787,2,55
4788,3,49
4789,1,56
4790,4,55
4791,4,27
4792,3,65
4793,2,49
4794,4,67
4795,4,47
4796,2,53
4797,4,23
4798,1,47
4799,4,48
4800,2,48
4801,3,49
4802,5,42
4803,3,44
4804,3,37
4805,2,39
4806,2,43
4807,4,57
4808,4,51
4809,2,61
4810,5,43
4811,5,46
4812,4,52
4813,2,57
4814,4,60
4815,4,59
4816,4,71
4817,4,47
4818,2,36
4819,4,46
4820,3,51
4821,3,59
4822,3,38
4823,4,51
4824,3,49
4825,2,53
4826,3,31
4827,2,48
4828,2,44
4829,3,43
4830,2,49
4831,3,52
4832,2,48
4833,1,40
4834,3,71
4835,5,54
4836,4,53
4837,3,55
4838,4,57
4839,4,38
4840,4,37
4841,3,49
4842,2,59
4843,3,42
4844,4,54
4845,3,54
4846,4,59
4847,2,50
4848,1,37
4849,2,66
4850,2,60
4851,4,49
4852,2,52
4853,4,36
4854,2,46
4855,2,42
4856,2,58
4857,2,48
4858,1,51
4859,3,53
4860,4,28
4861,2,56
4862,5,54
4863,2,60
4864,5,36
4865,3,37
4866,2,43
4867,3,58
4868,2,54
4869,3,43
4870,3,55
4871,4,60
4872,3,51
4873,3,53
4874,5,41
4875,1,52
4876,4,51
4877,2,56
4878,2,40
4879,3,48
4880,5,57
4881,5,63
4882,1,44
4883,2,43
4884,4,46
4885,2,40
4886,5,57
4887,2,37
4888,3,52
4889,2,60
4890,5,61
4891,3,40
4892,3,46
4893,4,39
4894,3,49
4895,1,42
4896,3,53
4897,4,62
4898,5,34
4899,5,55
4900,5,53
4901,3,38
4902,2,53
4903,2,48
4904,2,46
4905,4,42
4906,2,20
4907,2,62
4908,2,61
4909,5,59
4910,1,53
4911,3,79
4912,3,40
4913,1,44
4914,4,47
4915,3,41
4916,4,55
4917,3,56
4918,2,57
4919,4,41
4920,1,51
4921,4,39
4922,5,54
4923,4,42
4924,3,51
4925,3,29
4926,2,65
4927,3,61
4928,3,67
4929,3,47
4930,2,48
4931,3,54
4932,5,72
4933,2,51
4934,3,51
4935,3,46
4936,3,63
4937,4,61
4938,4,50
4939,2,79
4940,4,46
4941,3,62
4942,4,54
4943,3,47
4944,2,57
4945,5,61
4946,1,48
4947,4,48
4948,5,52
4949,3,58
4950,3,44
4951,3,60
4952,4,38
4953,3,62
4954,1,56
4955,3,83
4956,2,35
4957,3,51
4958,2,60
4959,4,42
4960,4,65
4961,4,41
4962,3,46
4963,1,42
4964,3,38
4965,3,71
4966,1,41
4967,2,47
4968,5,46
4969,2,36
4970,4,55
4971,2,37
4972,4,47
4973,4,37
4974,5,43
4975,2,64
4976,3,37
4977,2,38
4978,3,53
4979,2,55
4980,5,42
4981,4,49
4982,2,27
4983,3,39
4984,4,49
4985,2,63
4986,4,58
4987,2,77
4988,1,53
4989,3,45
4990,3,47
4991,3,63
4992,1,42
4993,3,46
4994,1,47
4995,2,44
4996,3,53
4997,3,45
4998,3,48
4999,3,40
