0,1,61
1,4,51
2,3,58
3,3,44
4,3,33
5,3,44
6,3,40
7,3,54
8,3,42
9,3,36
10,2,49
11,3,51
12,3,55
13,2,54
14,1,43
15,1,56
16,4,68
17,4,54
18,3,66
19,3,45
20,4,51
21,5,63
22,2,37
23,3,48
24,4,55
25,4,40
26,2,42
27,5,53
28,4,50
29,3,64
30,3,51
31,4,28
32,4,56
33,3,62
34,3,38
35,3,51
36,3,25
37,3,30
38,3,52
39,4,47
40,3,57
41,5,44
42,4,65
43,5,48
44,4,58
45,5,58
46,5,37
47,4,41
48,3,44
49,2,31
50,3,45
51,2,52
52,4,23
53,1,63
54,3,47
55,4,51
56,4,64
57,1,44
58,5,75
59,3,43
60,3,52
61,3,51
62,4,50
63,2,44
64,4,43
65,1,54
66,3,27
67,4,65
68,5,52
69,3,48
70,3,39
71,4,60
72,5,60
73,3,62
74,3,42
75,2,44
76,3,44
77,5,56
78,3,51
79,3,49
80,2,52
81,4,44
82,2,47
83,4,40
84,3,35
85,2,56
86,4,62
87,4,58
88,3,52
89,5,41
90,5,56
91,4,37
92,4,64
93,1,62
94,3,41
95,3,63
96,4,56
97,2,61
98,3,51
99,3,42
100,2,47
101,3,49
102,5,52
103,1,35
104,4,64
105,3,59
106,3,72
107,3,41
108,4,32
109,3,65
110,2,43
111,2,51
112,3,35
113,1,41
114,3,37
115,3,44
116,3,45
117,5,57
118,3,30
119,2,35
120,2,54
121,2,49
122,2,55
123,1,65
124,4,47
125,5,37
126,3,48
127,1,67
128,5,60
129,2,20
130,3,52
131,3,55
132,4,63
133,3,58
134,4,39
135,2,43
136,2,53
137,2,64
138,4,39
139,1,45
140,3,31
141,3,49
142,3,58
143,4,40
144,1,51
145,3,56
146,1,46
147,5,56
148,3,62
149,3,56
150,3,55
151,5,47
152,3,53
153,4,64
154,4,54
155,3,51
156,4,41
157,5,38
158,3,39
159,3,59
160,3,45
161,3,37
162,4,37
163,3,46
164,1,46
165,3,32
166,5,55
167,4,37
168,3,56
169,4,45
170,4,57
171,3,56
172,3,52
173,3,44
174,4,43
175,4,40
176,3,53
177,3,51
178,2,63
179,1,48
180,3,50
181,2,69
182,2,56
183,3,60
184,4,42
185,5,55
186,4,51
187,3,43
188,2,56
189,4,54
190,4,51
191,3,29
192,3,45
193,4,57
194,2,54
195,1,47
196,1,30
197,1,54
198,3,32
199,3,55
200,2,31
201,3,58
202,1,60
203,4,57
204,3,54
205,3,56
206,4,38
207,1,35
208,2,65
209,1,33
210,5,47
211,2,51
212,2,43
213,1,44
214,3,35
215,3,48
216,3,46
217,1,45
218,2,53
219,3,46
220,2,43
221,2,65
222,4,73
223,3,35
224,4,65
225,4,55
226,3,58
227,3,56
228,3,60
229,1,52
230,2,59
231,5,54
232,2,66
233,4,51
234,3,46
235,2,38
236,4,42
237,3,45
238,3,39
239,2,62
240,3,52
241,3,55
242,3,42
243,3,62
244,1,41
245,2,64
246,3,52
247,2,42
248,3,51
249,2,69
250,4,46
251,3,53
252,3,46
253,4,70
254,1,36
255,2,46
256,3,58
257,2,22
258,2,46
259,3,50
260,3,35
261,3,47
262,3,45
263,3,59
264,3,41
265,3,51
266,3,47
267,4,45
268,4,44
269,3,44
270,2,44
271,3,59
272,3,46
273,1,43
274,3,43
275,4,46
276,5,62
277,1,34
278,3,41
279,3,29
280,2,55
281,3,53
282,1,40
283,2,48
284,3,40
285,3,41
286,3,49
287,3,42
288,2,55
289,3,36
290,4,54
291,4,58
292,3,42
293,5,49
294,2,29
295,2,41
296,3,55
297,3,44
298,2,43
299,2,69
300,1,48
301,1,49
302,2,78
303,4,60
304,1,53
305,3,31
306,5,41
307,3,34
308,2,53
309,1,59
310,1,57
311,1,42
312,2,46
313,4,41
314,2,53
315,4,70
316,3,59
317,1,54
318,3,48
319,3,56
320,2,40
321,3,52
322,5,44
323,2,62
324,3,41
325,3,43
326,3,31
327,3,39
328,4,63
329,3,61
330,3,33
331,1,57
332,3,52
333,1,43
334,5,43
335,4,48
336,4,57
337,1,47
338,3,56
339,4,58
340,3,68
341,2,59
342,5,55
343,2,53
344,2,46
345,4,37
346,4,54
347,2,69
348,3,53
349,2,53
350,2,48
351,4,56
352,3,39
353,2,66
354,3,52
355,2,27
356,1,48
357,5,44
358,3,40
359,2,40
360,2,43
361,5,47
362,3,35
363,2,60
364,4,48
365,2,47
366,3,44
367,3,50
368,4,50
369,2,56
370,3,20
371,3,56
372,4,49
373,2,25
374,4,44
375,2,52
376,4,52
377,3,43
378,1,35
379,2,60
380,4,34
381,3,66
382,2,41
383,2,57
384,3,38
385,2,70
386,3,45
387,3,55
388,3,40
389,2,69
390,1,49
391,3,43
392,2,45
393,2,59
394,1,61
395,3,46
396,5,43
397,3,40
398,3,40
399,1,68
400,5,59
401,3,48
402,3,63
403,3,52
404,3,41
405,2,40
406,5,48
407,2,30
408,4,41
409,3,67
410,2,56
411,3,36
412,1,50
413,3,53
414,3,54
415,3,58
416,5,49
417,1,53
418,2,35
419,1,44
420,1,65
421,4,52
422,3,36
423,5,53
424,4,51
425,2,46
426,4,51
427,3,45
428,4,59
429,3,46
430,2,46
431,1,47
432,1,61
433,2,36
434,1,56
435,3,36
436,2,47
437,3,54
438,2,41
439,4,57
440,3,44
441,3,50
442,3,54
443,4,48
444,5,41
445,4,43
446,3,69
447,4,49
448,3,59
449,3,53
450,2,43
451,2,47
452,1,73
453,1,27
454,2,58
455,3,57
456,1,50
457,1,48
458,3,48
459,2,39
460,4,47
461,3,43
462,3,43
463,3,38
464,3,47
465,4,48
466,2,47
467,4,51
468,3,59
469,3,64
470,4,34
471,3,54
472,4,49
473,4,62
474,4,45
475,4,38
476,4,47
477,3,48
478,3,57
479,4,60
480,3,63
481,2,57
482,5,57
483,4,46
484,3,52
485,3,68
486,3,32
487,4,47
488,3,54
489,3,33
490,4,54
491,1,45
492,4,42
493,2,42
494,4,34
495,1,54
496,2,55
497,2,66
498,5,48
499,3,69
500,5,51
501,3,59
502,3,38
503,1,56
504,3,55
505,1,50
506,2,54
507,3,35
508,3,50
509,3,44
510,3,46
511,4,38
512,3,56
513,4,61
514,5,55
515,3,53
516,2,53
517,3,74
518,4,68
519,5,48
520,2,49
521,3,55
522,3,45
523,5,49
524,3,43
525,4,55
526,3,55
527,4,36
528,2,34
529,4,48
530,4,44
531,5,51
532,3,53
533,3,58
534,3,47
535,2,47
536,3,46
537,1,53
538,4,69
539,3,55
540,3,50
541,4,47
542,3,58
543,1,43
544,5,29
545,3,37
546,3,46
547,2,50
548,3,71
549,3,57
550,2,44
551,4,44
552,3,39
553,1,60
554,5,64
555,4,40
556,2,34
557,5,55
558,3,24
559,2,54
560,3,60
561,4,46
562,3,48
563,4,46
564,2,39
565,5,59
566,2,54
567,3,34
568,1,46
569,5,59
570,3,44
571,2,28
572,2,51
573,4,50
574,3,55
575,3,49
576,3,52
577,3,51
578,2,47
579,5,68
580,4,40
581,4,50
582,2,44
583,3,69
584,5,22
585,4,45
586,3,39
587,3,32
588,5,36
589,3,60
590,4,37
591,2,45
592,3,41
593,5,45
594,3,49
595,3,47
596,3,60
597,4,44
598,3,44
599,4,57
600,3,38
601,3,38
602,5,59
603,1,55
604,3,66
605,3,46
606,2,54
607,3,58
608,4,34
609,5,65
610,3,54
611,3,56
612,5,26
613,2,69
614,5,71
615,5,47
616,1,48
617,2,54
618,2,64
619,3,59
620,3,44
621,3,42
622,2,43
623,3,24
624,3,50
625,3,54
626,4,41
627,2,52
628,3,43
629,3,62
630,4,53
631,1,38
632,1,24
633,4,47
634,2,47
635,2,42
636,3,50
637,2,58
638,2,40
639,5,39
640,2,21
641,2,47
642,5,51
643,3,53
644,1,68
645,4,46
646,4,49
647,4,50
648,3,51
649,4,64
650,2,45
651,2,42
652,3,41
653,3,47
654,2,47
655,2,61
656,3,49
657,4,51
658,3,45
659,3,71
660,4,52
661,3,46
662,3,58
663,3,50
664,2,41
665,4,52
666,4,59
667,3,53
668,2,40
669,4,58
670,2,57
671,3,45
672,3,58
673,1,43
674,3,53
675,2,50
676,3,40
677,2,43
678,3,55
679,2,47
680,4,36
681,3,66
682,3,46
683,3,55
684,1,43
685,2,52
686,5,38
687,3,39
688,3,49
689,4,35
690,4,64
691,3,39
692,3,57
693,3,45
694,4,48
695,3,69
696,2,62
697,4,65
698,5,49
699,5,57
700,2,49
701,4,62
702,2,41
703,5,45
704,2,48
705,4,52
706,4,40
707,3,59
708,1,29
709,4,37
710,5,32
711,2,35
712,3,48
713,3,57
714,3,60
715,3,51
716,5,51
717,3,58
718,4,62
719,3,61
720,3,49
721,3,21
722,2,59
723,1,52
724,3,45
725,4,55
726,4,56
727,3,53
728,4,45
729,5,29
730,3,64
731,3,53
732,3,46
733,4,36
734,2,33
735,3,33
736,2,42
737,4,71
738,5,58
739,2,32
740,3,49
741,2,40
742,3,57
743,2,42
744,2,50
745,3,80
746,5,39
747,1,38
748,2,46
749,3,52
750,2,51
751,3,62
752,1,39
753,3,58
754,2,69
755,5,60
756,3,52
757,4,71
758,3,69
759,4,50
760,2,55
761,2,56
762,3,44
763,1,61
764,3,41
765,4,50
766,1,39
767,5,45
768,3,39
769,3,33
770,3,47
771,3,45
772,1,73
773,3,62
774,3,51
775,1,35
776,3,44
777,4,70
778,1,45
779,2,31
780,3,50
781,3,38
782,3,51
783,4,71
784,5,53
785,3,37
786,2,37
787,3,52
788,5,40
789,4,50
790,3,52
791,2,49
792,3,45
793,2,41
794,3,59
795,3,40
796,2,52
797,3,48
798,4,39
799,4,43
800,2,17
801,2,59
802,3,52
803,3,74
804,2,50
805,4,47
806,3,36
807,3,71
808,3,50
809,3,47
810,1,50
811,3,63
812,4,44
813,4,49
814,3,54
815,1,45
816,3,43
817,3,24
818,2,56
819,3,64
820,2,62
821,5,67
822,2,53
823,2,48
824,4,32
825,5,51
826,3,57
827,3,58
828,3,51
829,3,45
830,4,46
831,3,45
832,3,56
833,3,73
834,2,63
835,3,40
836,3,46
837,3,37
838,1,64
839,3,61
840,3,38
841,1,48
842,2,56
843,3,28
844,4,43
845,2,33
846,1,64
847,2,44
848,5,34
849,5,60
850,5,51
851,3,44
852,4,49
853,4,55
854,5,53
855,3,52
856,5,45
857,3,46
858,5,59
859,3,48
860,3,45
861,3,42
862,1,60
863,2,51
864,4,53
865,3,57
866,3,52
867,4,56
868,4,43
869,5,33
870,3,46
871,1,44
872,4,38
873,3,39
874,5,41
875,3,49
876,3,61
877,3,50
878,5,37
879,2,61
880,3,41
881,1,53
882,3,51
883,2,49
884,3,88
885,5,50
886,4,59
887,1,40
888,3,36
889,2,46
890,3,47
891,2,55
892,3,34
893,3,40
894,3,55
895,3,57
896,1,39
897,3,34
898,4,63
899,2,59
900,4,46
901,2,66
902,2,60
903,3,62
904,3,36
905,3,60
906,3,52
907,2,75
908,2,57
909,2,54
910,4,57
911,4,41
912,1,45
913,1,50
914,3,46
915,1,58
916,5,45
917,2,56
918,3,45
919,3,44
920,4,65
921,4,64
922,3,56
923,3,48
924,2,54
925,2,37
926,4,53
927,5,53
928,3,48
929,4,58
930,2,55
931,4,29
932,3,54
933,2,57
934,3,47
935,4,39
936,5,52
937,2,50
938,3,41
939,2,36
940,4,49
941,1,54
942,3,43
943,3,50
944,3,49
945,1,48
946,4,53
947,3,41
948,3,60
949,3,56
950,3,46
951,5,62
952,2,54
953,3,53
954,3,51
955,3,60
956,3,39
957,3,41
958,4,41
959,5,54
960,2,49
961,3,51
962,1,43
963,2,50
964,3,51
965,2,60
966,3,58
967,3,67
968,1,46
969,3,38
970,3,55
971,3,38
972,4,49
973,3,47
974,2,49
975,4,46
976,3,56
977,3,35
978,3,72
979,4,47
980,3,66
981,3,37
982,3,58
983,3,52
984,5,55
985,3,67
986,4,50
987,1,52
988,4,57
989,4,50
990,2,53
991,3,54
992,3,37
993,3,51
994,1,45
995,2,34
996,3,36
997,4,50
998,1,51
999,5,49
1000,3,50
1001,4,32
1002,2,55
1003,5,72
1004,3,36
1005,3,40
1006,5,58
1007,3,36
1008,3,48
1009,3,24
1010,5,63
1011,2,61
1012,4,63
1013,2,53
1014,4,48
1015,4,50
1016,2,45
1017,3,42
1018,3,64
1019,3,51
1020,2,50
1021,4,48
1022,1,38
1023,4,46
1024,3,46
1025,3,59
1026,3,32
1027,3,42
1028,3,63
1029,3,41
1030,5,52
1031,4,37
1032,1,48
1033,3,43
1034,5,38
1035,2,43
1036,2,21
1037,3,56
1038,2,52
1039,4,58
1040,3,45
1041,2,48
1042,3,46
1043,4,40
1044,3,57
1045,3,41
1046,4,54
1047,3,72
1048,3,37
1049,3,59
1050,4,65
1051,5,46
1052,3,47
1053,3,37
1054,4,59
1055,4,55
1056,2,40
1057,3,62
1058,3,54
1059,2,49
1060,3,50
1061,2,34
1062,1,41
1063,4,41
1064,2,40
1065,1,35
1066,2,55
1067,2,47
1068,3,53
1069,3,45
1070,5,43
1071,4,42
1072,1,47
1073,1,41
1074,3,48
1075,3,49
1076,5,67
1077,3,42
1078,5,61
1079,4,41
1080,5,69
1081,3,53
1082,3,53
1083,1,49
1084,3,58
1085,1,34
1086,3,64
1087,2,40
1088,2,51
1089,1,53
1090,3,40
1091,5,48
1092,5,51
1093,5,52
1094,4,52
1095,3,33
1096,2,38
1097,3,53
1098,4,28
1099,3,42
1100,3,54
1101,3,38
1102,4,53
1103,4,53
1104,1,53
1105,3,38
1106,5,58
1107,5,50
1108,3,39
1109,3,52
1110,4,56
1111,4,34
1112,3,50
1113,4,76
1114,3,34
1115,3,39
1116,1,43
1117,3,31
1118,4,64
1119,2,63
1120,1,45
1121,2,58
1122,4,50
1123,4,45
1124,3,46
1125,4,71
1126,3,45
1127,2,34
1128,5,28
1129,3,53
1130,3,54
1131,5,53
1132,3,56
1133,3,61
1134,2,49
1135,4,31
1136,1,37
1137,4,57
1138,2,45
1139,4,38
1140,5,44
1141,4,57
1142,3,70
1143,3,64
1144,2,54
1145,3,47
1146,4,46
1147,3,25
1148,1,68
1149,2,45
1150,5,28
1151,5,39
1152,4,58
1153,4,39
1154,3,51
1155,5,44
1156,2,45
1157,4,49
1158,2,49
1159,3,52
1160,2,66
1161,2,52
1162,2,51
1163,2,48
1164,1,59
1165,4,42
1166,4,50
1167,4,67
1168,4,37
1169,1,43
1170,2,19
1171,3,62
1172,3,56
1173,4,57
1174,2,65
1175,2,55
1176,5,52
1177,4,42
1178,2,52
1179,5,72
1180,1,29
1181,3,61
1182,4,50
1183,2,48
1184,3,43
1185,3,53
1186,3,47
1187,2,41
1188,1,55
1189,5,37
1190,2,35
1191,1,45
1192,3,65
1193,2,57
1194,3,33
1195,2,58
1196,4,50
1197,2,55
1198,2,53
1199,3,50
1200,5,53
1201,3,61
1202,3,40
1203,3,57
1204,3,51
1205,3,36
1206,4,61
1207,3,46
1208,5,31
1209,3,45
1210,3,43
1211,4,52
1212,3,40
1213,3,65
1214,4,65
1215,4,51
1216,4,54
1217,4,48
1218,3,23
1219,3,48
1220,4,33
1221,2,53
1222,4,48
1223,2,51
1224,4,57
1225,2,50
1226,5,50
1227,3,59
1228,3,43
1229,4,42
1230,5,67
1231,2,56
1232,3,54
1233,2,60
1234,2,48
1235,4,44
1236,4,43
1237,4,70
1238,2,69
1239,4,50
1240,1,39
1241,3,53
1242,4,57
1243,1,44
1244,3,37
1245,4,48
1246,3,51
1247,2,50
1248,2,45
1249,4,51
1250,5,49
1251,2,36
1252,3,40
1253,2,71
1254,1,43
1255,3,31
1256,3,50
1257,3,40
1258,4,61
1259,3,37
1260,1,44
1261,3,47
1262,4,44
1263,4,42
1264,3,37
1265,1,50
1266,1,41
1267,5,55
1268,2,41
1269,5,51
1270,5,40
1271,2,36
1272,3,28
1273,2,50
1274,3,45
1275,3,50
1276,3,55
1277,3,39
1278,3,55
1279,3,57
1280,4,35
1281,3,37
1282,2,38
1283,4,37
1284,2,52
1285,2,54
1286,1,46
1287,2,60
1288,5,67
1289,2,59
1290,3,60
1291,2,35
1292,5,58
1293,3,36
1294,2,39
1295,1,56
1296,3,43
1297,1,57
1298,4,31
1299,2,51
1300,3,66
1301,5,54
1302,2,42
1303,1,46
1304,1,58
1305,2,49
1306,3,43
1307,1,55
1308,2,53
1309,1,47
1310,1,50
1311,3,69
1312,5,34
1313,4,24
1314,3,58
1315,5,41
1316,5,51
1317,3,69
1318,3,56
1319,2,50
1320,4,41
1321,5,45
1322,2,43
1323,4,37
1324,4,54
1325,3,72
1326,5,51
1327,3,43
1328,3,59
1329,1,37
1330,3,43
1331,3,34
1332,3,34
1333,3,55
1334,2,58
1335,3,43
1336,3,43
1337,3,30
1338,5,51
1339,2,53
1340,1,48
1341,5,64
1342,4,61
1343,2,58
1344,4,57
1345,5,70
1346,3,49
1347,3,33
1348,2,57
1349,2,47
1350,2,58
1351,3,44
1352,5,46
1353,5,47
1354,4,40
1355,1,55
1356,5,52
1357,4,65
1358,5,49
1359,3,54
1360,2,42
1361,3,50
1362,2,42
1363,4,35
1364,4,48
1365,4,39
1366,1,54
1367,5,56
1368,3,61
1369,2,50
1370,3,62
1371,3,48
1372,3,50
1373,3,67
1374,4,49
1375,3,35
1376,3,53
1377,3,40
1378,3,46
1379,3,53
1380,4,61
1381,4,62
1382,5,44
1383,1,71
1384,3,52
1385,5,54
1386,2,44
1387,4,64
1388,3,43
1389,3,43
1390,3,45
1391,3,49
1392,4,48
1393,1,40
1394,3,33
1395,2,61
1396,3,35
1397,5,69
1398,4,61
1399,5,63
1400,4,58
1401,3,51
1402,5,47
1403,3,70
1404,3,58
1405,4,66
1406,5,67
1407,1,44
1408,3,32
1409,1,50
1410,2,48
1411,3,52
1412,5,54
1413,5,35
1414,2,51
1415,3,56
1416,4,41
1417,1,56
1418,1,56
1419,4,60
1420,2,56
1421,1,45
1422,2,49
1423,3,47
1424,3,39
1425,1,60
1426,3,47
1427,4,41
1428,1,65
1429,3,46
1430,4,36
1431,3,49
1432,2,47
1433,2,49
1434,2,43
1435,4,59
1436,1,57
1437,1,42
1438,4,50
1439,3,56
1440,4,41
1441,3,48
1442,3,31
1443,2,57
1444,2,34
1445,2,71
1446,4,37
1447,3,53
1448,3,55
1449,3,44
1450,3,48
1451,3,49
1452,3,58
1453,3,46
1454,3,53
1455,3,65
1456,2,37
1457,4,56
1458,4,40
1459,4,49
1460,5,41
1461,5,52
1462,1,59
1463,1,43
1464,3,37
1465,4,53
1466,2,43
1467,3,55
1468,3,41
1469,3,28
1470,3,30
1471,3,49
1472,2,58
1473,3,65
1474,1,51
1475,5,62
1476,4,62
1477,5,62
1478,3,33
1479,3,38
1480,3,47
1481,2,60
1482,4,71
1483,3,49
1484,2,62
1485,2,35
1486,3,44
1487,4,37
1488,4,58
1489,4,52
1490,3,44
1491,4,71
1492,2,69
1493,2,57
1494,1,73
1495,1,64
1496,3,46
1497,3,48
1498,1,63
1499,1,48
1500,3,51
1501,2,44
1502,4,34
1503,3,55
1504,4,55
1505,3,48
1506,2,60
1507,4,38
1508,5,59
1509,3,53
1510,4,70
1511,2,43
1512,2,57
1513,1,54
1514,3,61
1515,4,45
1516,1,40
1517,2,74
1518,4,37
1519,2,44
1520,4,43
1521,2,32
1522,3,61
1523,4,40
1524,4,52
1525,1,41
1526,4,37
1527,4,55
1528,3,30
1529,4,61
1530,1,58
1531,4,54
1532,3,46
1533,3,49
1534,3,58
1535,3,31
1536,4,55
1537,3,22
1538,3,52
1539,1,33
1540,5,51
1541,3,54
1542,3,62
1543,4,43
1544,3,52
1545,2,58
1546,3,59
1547,3,45
1548,2,43
1549,4,47
1550,4,43
1551,3,57
1552,5,39
1553,3,81
1554,3,39
1555,2,62
1556,2,71
1557,3,54
1558,2,43
1559,4,32
1560,2,42
1561,1,40
1562,4,47
1563,5,58
1564,2,71
1565,5,65
1566,2,34
1567,2,55
1568,3,41
1569,4,46
1570,2,38
1571,3,44
1572,2,39
1573,3,65
1574,2,44
1575,3,60
1576,3,39
1577,1,64
1578,3,52
1579,3,54
1580,5,39
1581,4,39
1582,1,36
1583,2,51
1584,4,38
1585,5,50
1586,2,60
1587,4,52
1588,3,51
1589,2,30
1590,3,50
1591,3,55
1592,3,62
1593,2,38
1594,2,31
1595,2,37
1596,1,37
1597,5,53
1598,5,38
1599,3,46
1600,3,65
1601,3,50
1602,4,48
1603,5,53
1604,5,65
1605,3,37
1606,4,47
1607,3,47
1608,4,48
1609,5,44
1610,3,55
1611,5,46
1612,4,52
1613,3,49
1614,3,33
1615,3,32
1616,3,54
1617,3,55
1618,3,46
1619,3,56
1620,3,49
1621,2,34
1622,2,38
1623,3,33
1624,3,30
1625,3,57
1626,3,56
1627,1,54
1628,4,46
1629,2,35
1630,4,38
1631,3,38
1632,4,42
1633,3,42
1634,2,52
1635,3,53
1636,3,35
1637,5,34
1638,3,37
1639,1,50
1640,5,43
1641,4,42
1642,2,70
1643,3,45
1644,1,39
1645,4,44
1646,4,52
1647,3,34
1648,2,59
1649,3,45
1650,3,45
1651,2,46
1652,3,65
1653,3,54
1654,4,46
1655,1,44
1656,4,57
1657,5,64
1658,4,57
1659,3,50
1660,3,58
1661,5,58
1662,3,67
1663,2,42
1664,3,40
1665,3,31
1666,3,42
1667,3,40
1668,2,53
1669,3,36
1670,4,59
1671,2,46
1672,1,46
1673,4,41
1674,4,40
1675,3,26
1676,3,48
1677,2,50
1678,3,28
1679,1,29
1680,1,57
1681,4,54
1682,2,52
1683,2,50
1684,3,33
1685,3,36
1686,3,44
1687,1,73
1688,2,53
1689,2,43
1690,2,51
1691,1,48
1692,3,56
1693,1,57
1694,3,53
1695,1,64
1696,2,34
1697,2,61
1698,5,48
1699,2,46
1700,1,54
1701,3,58
1702,5,51
1703,2,33
1704,3,47
1705,1,69
1706,5,48
1707,2,40
1708,4,51
1709,3,55
1710,3,60
1711,3,44
1712,1,41
1713,4,39
1714,2,54
1715,3,43
1716,4,61
1717,3,64
1718,1,56
1719,4,47
1720,3,73
1721,2,48
1722,4,72
1723,3,53
1724,5,62
1725,3,51
1726,1,51
1727,4,59
1728,4,38
1729,3,45
1730,2,60
1731,4,45
1732,3,33
1733,3,53
1734,1,46
1735,1,59
1736,5,44
1737,1,63
1738,2,53
1739,5,35
1740,4,53
1741,3,47
1742,5,55
1743,3,54
1744,2,69
1745,3,40
1746,3,47
1747,5,57
1748,3,58
1749,4,44
1750,3,44
1751,4,44
1752,3,29
1753,2,46
1754,1,71
1755,4,56
1756,5,72
1757,4,58
1758,4,47
1759,5,43
1760,3,76
1761,4,44
1762,3,53
1763,3,66
1764,3,51
1765,4,40
1766,3,56
1767,3,45
1768,3,40
1769,2,42
1770,4,42
1771,3,45
1772,3,72
1773,2,49
1774,2,51
1775,4,49
1776,3,56
1777,2,31
1778,5,48
1779,3,39
1780,5,42
1781,3,36
1782,3,65
1783,3,49
1784,3,28
1785,2,64
1786,3,52
1787,5,38
1788,4,67
1789,2,70
1790,3,42
1791,3,73
1792,3,41
1793,2,67
1794,3,53
1795,2,59
1796,2,67
1797,1,43
1798,3,59
1799,3,47
1800,2,45
1801,3,31
1802,1,30
1803,5,39
1804,3,64
1805,3,44
1806,3,33
1807,5,45
1808,2,59
1809,4,36
1810,4,45
1811,3,48
1812,5,44
1813,3,44
1814,3,34
1815,2,37
1816,1,60
1817,4,46
1818,5,62
1819,2,65
1820,3,55
1821,4,57
1822,4,53
1823,4,54
1824,2,59
1825,4,58
1826,4,37
1827,5,46
1828,3,56
1829,3,39
1830,3,46
1831,3,60
1832,3,36
1833,3,54
1834,1,34
1835,3,56
1836,3,48
1837,1,70
1838,3,71
1839,5,73
1840,4,43
1841,2,60
1842,2,49
1843,3,50
1844,2,46
1845,2,48
1846,2,47
1847,3,52
1848,2,60
1849,5,41
1850,3,46
1851,4,71
1852,4,59
1853,3,51
1854,3,42
1855,2,34
1856,3,57
1857,4,61
1858,3,49
1859,1,55
1860,3,63
1861,2,37
1862,2,53
1863,5,50
1864,3,49
1865,4,73
1866,4,47
1867,5,42
1868,3,31
1869,3,60
1870,3,56
1871,4,63
1872,2,43
1873,3,41
1874,1,53
1875,3,46
1876,3,49
1877,1,35
1878,4,45
1879,3,44
1880,2,43
1881,2,61
1882,3,53
1883,5,48
1884,3,51
1885,2,47
1886,2,56
1887,3,65
1888,3,48
1889,4,47
1890,1,39
1891,3,24
1892,4,61
1893,3,49
1894,1,42
1895,5,36
1896,2,44
1897,4,51
1898,3,54
1899,2,58
1900,3,52
1901,2,61
1902,3,41
1903,3,56
1904,2,62
1905,2,63
1906,4,36
1907,3,50
1908,3,18
1909,3,45
1910,5,64
1911,3,33
1912,1,55
1913,2,57
1914,1,56
1915,3,49
1916,2,50
1917,3,55
1918,3,46
1919,3,55
1920,4,56
1921,2,67
1922,4,48
1923,3,45
1924,3,47
1925,3,55
1926,3,42
1927,2,55
1928,2,39
1929,2,62
1930,3,25
1931,4,47
1932,1,42
1933,2,47
1934,3,37
1935,3,54
1936,4,45
1937,2,56
1938,1,36
1939,4,40
1940,3,46
1941,3,56
1942,3,38
1943,3,54
1944,3,66
1945,2,56
1946,3,55
1947,3,37
1948,4,43
1949,2,32
1950,3,38
1951,2,49
1952,3,47
1953,3,40
1954,3,55
1955,3,63
1956,3,60
1957,5,42
1958,3,45
1959,3,55
1960,2,52
1961,3,39
1962,1,43
1963,5,58
1964,2,57
1965,4,36
1966,4,51
1967,5,47
1968,5,32
1969,5,43
1970,3,66
1971,3,51
1972,4,44
1973,5,44
1974,3,70
1975,2,44
1976,3,46
1977,1,43
1978,4,58
1979,5,59
1980,4,41
1981,2,38
1982,1,52
1983,3,46
1984,3,57
1985,2,50
1986,3,44
1987,2,41
1988,3,57
1989,4,48
1990,3,55
1991,2,34
1992,3,49
1993,3,45
1994,3,50
1995,4,43
1996,2,43
1997,2,51
1998,5,54
1999,1,68
2000,3,45
2001,4,44
2002,3,63
2003,2,41
2004,4,52
2005,3,65
2006,2,59
2007,4,49
2008,5,52
2009,3,52
2010,2,58
2011,4,48
2012,3,34
2013,3,49
2014,4,63
2015,4,52
2016,3,56
2017,3,52
2018,5,65
2019,2,56
2020,3,49
2021,5,66
2022,3,62
2023,1,47
2024,2,60
2025,3,51
2026,3,39
2027,3,50
2028,5,58
2029,2,43
2030,2,75
2031,2,53
2032,2,42
2033,3,37
2034,4,64
2035,4,35
2036,3,48
2037,3,46
2038,2,59
2039,3,60
2040,4,47
2041,3,46
2042,3,58
2043,3,45
2044,3,42
2045,3,41
2046,4,45
2047,4,40
2048,3,47
2049,2,63
2050,3,51
2051,3,58
2052,1,40
2053,5,47
2054,2,48
2055,2,40
2056,4,67
2057,2,31
2058,2,46
2059,2,43
2060,1,58
2061,3,41
2062,1,38
2063,3,53
2064,2,55
2065,5,55
2066,3,66
2067,5,58
2068,3,53
2069,4,34
2070,4,49
2071,3,41
2072,4,46
2073,3,47
2074,3,55
2075,3,56
2076,1,40
2077,3,38
2078,1,61
2079,1,36
2080,3,55
2081,2,47
2082,4,33
2083,1,58
2084,4,50
2085,1,44
2086,3,61
2087,3,34
2088,2,38
2089,4,55
2090,2,51
2091,4,66
2092,3,40
2093,3,37
2094,3,25
2095,3,50
2096,3,54
2097,5,44
2098,4,39
2099,3,49
2100,5,49
2101,3,47
2102,4,49
2103,1,43
2104,3,38
2105,2,44
2106,1,49
2107,3,73
2108,3,57
2109,2,43
2110,3,41
2111,5,57
2112,1,50
2113,2,54
2114,1,69
2115,2,48
2116,4,52
2117,3,34
2118,4,50
2119,5,41
2120,4,36
2121,1,57
2122,1,45
2123,4,55
2124,4,47
2125,4,39
2126,4,67
2127,2,54
2128,4,66
2129,3,44
2130,2,67
2131,2,62
2132,2,42
2133,3,39
2134,4,50
2135,1,46
2136,2,31
2137,4,34
2138,4,42
2139,5,42
2140,2,31
2141,3,57
2142,3,38
2143,2,46
2144,3,57
2145,4,47
2146,4,44
2147,1,27
2148,3,50
2149,1,47
2150,3,48
2151,3,42
2152,1,50
2153,2,37
2154,5,46
2155,3,45
2156,3,55
2157,3,37
2158,3,50
2159,3,51
2160,1,68
2161,3,62
2162,4,53
2163,4,56
2164,3,43
2165,3,47
2166,3,63
2167,2,36
2168,4,34
2169,2,47
2170,3,64
2171,4,55
2172,2,59
2173,3,37
2174,4,45
2175,2,48
2176,3,48
2177,3,54
2178,5,59
2179,2,56
2180,3,60
2181,4,54
2182,1,31
2183,1,49
2184,4,54
2185,4,43
2186,3,30
2187,3,47
2188,2,39
2189,2,44
2190,2,46
2191,3,32
2192,5,37
2193,3,60
2194,3,55
2195,3,33
2196,5,47
2197,1,45
2198,4,54
2199,3,45
2200,2,53
2201,3,65
2202,3,40
2203,3,41
2204,3,42
2205,3,48
2206,3,44
2207,4,52
2208,2,43
2209,3,59
2210,3,63
2211,3,52
2212,2,50
2213,4,42
2214,4,51
2215,1,59
2216,3,28
2217,5,49
2218,3,56
2219,3,37
2220,3,49
2221,3,41
2222,3,46
2223,1,65
2224,4,38
2225,2,51
2226,1,44
2227,4,60
2228,3,56
2229,2,39
2230,2,59
2231,1,40
2232,3,33
2233,4,56
2234,2,49
2235,3,44
2236,3,41
2237,3,27
2238,3,56
2239,4,57
2240,3,58
2241,1,65
2242,3,51
2243,2,49
2244,4,42
2245,5,34
2246,3,51
2247,3,60
2248,3,57
2249,3,55
2250,5,31
2251,1,49
2252,4,52
2253,4,46
2254,4,57
2255,3,66
2256,4,48
2257,4,62
2258,3,34
2259,3,56
2260,3,40
2261,4,53
2262,5,58
2263,4,60
2264,3,63
2265,1,69
2266,3,61
2267,2,48
2268,3,39
2269,5,58
2270,1,48
2271,3,51
2272,5,57
2273,3,52
2274,2,58
2275,4,46
2276,3,47
2277,1,67
2278,4,48
2279,3,56
2280,3,39
2281,4,51
2282,3,46
2283,5,65
2284,2,30
2285,3,51
2286,3,34
2287,1,51
2288,2,49
2289,3,49
2290,2,42
2291,5,47
2292,3,47
2293,3,47
2294,3,68
2295,3,43
2296,1,51
2297,3,43
2298,5,49
2299,1,42
2300,3,60
2301,4,66
2302,4,53
2303,4,46
2304,4,59
2305,1,62
2306,2,64
2307,4,54
2308,3,59
2309,3,63
2310,3,46
2311,5,18
2312,5,38
2313,4,53
2314,2,35
2315,3,50
2316,5,60
2317,4,39
2318,3,40
2319,3,58
2320,4,58
2321,4,53
2322,2,42
2323,4,65
2324,4,58
2325,5,56
2326,2,20
2327,1,58
2328,3,65
2329,4,46
2330,1,35
2331,4,46
2332,3,55
2333,2,50
2334,5,57
2335,2,49
2336,3,63
2337,2,76
2338,3,39
2339,2,40
2340,3,46
2341,3,29
2342,4,45
2343,3,32
2344,4,51
2345,3,37
2346,2,39
2347,4,46
2348,4,39
2349,5,47
2350,3,54
2351,5,56
2352,3,54
2353,3,54
2354,3,48
2355,2,40
2356,3,52
2357,3,39
2358,2,39
2359,3,39
2360,2,39
2361,3,62
2362,3,47
2363,3,56
2364,3,54
2365,3,56
2366,2,44
2367,3,57
2368,3,70
2369,2,57
2370,1,45
2371,3,53
2372,5,67
2373,3,46
2374,2,49
2375,2,41
2376,2,55
2377,5,56
2378,3,49
2379,4,39
2380,1,51
2381,2,55
2382,3,52
2383,1,45
2384,5,72
2385,1,58
2386,5,50
2387,2,36
2388,3,48
2389,3,39
2390,3,44
2391,4,44
2392,2,51
2393,3,57
2394,5,54
2395,3,29
2396,3,64
2397,3,47
2398,3,47
2399,4,60
2400,2,39
2401,5,56
2402,2,53
2403,2,54
2404,2,44
2405,3,34
2406,3,53
2407,3,54
2408,2,40
2409,1,64
2410,1,53
2411,3,46
2412,4,46
2413,2,39
2414,3,40
2415,3,48
2416,3,61
2417,3,58
2418,5,49
2419,4,38
2420,4,51
2421,3,37
2422,2,45
2423,1,44
2424,2,53
2425,3,53
2426,3,61
2427,5,36
2428,1,50
2429,2,68
2430,2,45
2431,3,47
2432,3,55
2433,2,45
2434,3,58
2435,3,47
2436,2,50
2437,4,34
2438,5,32
2439,3,53
2440,3,59
2441,4,66
2442,3,64
2443,3,45
2444,3,37
2445,3,65
2446,3,42
2447,3,58
2448,3,60
2449,3,60
2450,2,60
2451,4,41
2452,3,58
2453,2,46
2454,4,59
2455,3,51
2456,3,40
2457,3,47
2458,2,39
2459,1,38
2460,3,70
2461,5,48
2462,2,49
2463,4,35
2464,3,47
2465,3,41
2466,4,36
2467,3,52
2468,2,42
2469,3,54
2470,3,56
2471,3,30
2472,4,34
2473,4,52
2474,2,46
2475,2,36
2476,3,55
2477,3,51
2478,5,38
2479,4,26
2480,3,50
2481,3,45
2482,1,55
2483,2,61
2484,2,47
2485,4,36
2486,4,42
2487,4,57
2488,5,47
2489,2,56
2490,3,33
2491,5,54
2492,2,68
2493,4,71
2494,5,59
2495,3,51
2496,3,44
2497,3,46
2498,4,57
2499,1,62
2500,4,49
2501,4,45
2502,5,54
2503,3,61
2504,4,75
2505,3,22
2506,3,48
2507,2,48
2508,1,59
2509,5,45
2510,4,54
2511,3,53
2512,3,39
2513,3,43
2514,3,32
2515,4,46
2516,1,55
2517,5,40
2518,4,30
2519,4,44
2520,4,51
2521,4,72
2522,4,55
2523,3,35
2524,4,48
2525,4,53
2526,2,24
2527,2,42
2528,4,48
2529,3,45
2530,3,36
2531,4,38
2532,5,64
2533,4,60
2534,3,53
2535,4,70
2536,3,53
2537,3,48
2538,1,46
2539,3,60
2540,4,34
2541,4,42
2542,5,14
2543,4,40
2544,2,42
2545,2,57
2546,2,46
2547,1,43
2548,3,62
2549,2,36
2550,4,52
2551,2,57
2552,3,61
2553,2,54
2554,5,62
2555,2,60
2556,3,39
2557,3,46
2558,3,55
2559,2,66
2560,4,49
2561,3,50
2562,4,50
2563,3,46
2564,4,51
2565,3,45
2566,3,47
2567,1,43
2568,3,61
2569,3,40
2570,1,50
2571,3,57
2572,5,34
2573,3,49
2574,5,48
2575,3,55
2576,3,53
2577,1,75
2578,1,70
2579,3,55
2580,1,51
2581,3,50
2582,3,52
2583,5,43
2584,3,39
2585,3,41
2586,2,42
2587,4,52
2588,3,57
2589,2,51
2590,3,50
2591,3,62
2592,3,44
2593,3,45
2594,2,44
2595,4,55
2596,3,49
2597,1,51
2598,1,50
2599,2,42
2600,3,48
2601,4,31
2602,3,61
2603,3,41
2604,3,38
2605,5,50
2606,1,43
2607,5,28
2608,4,53
2609,2,37
2610,4,45
2611,2,42
2612,2,52
2613,5,29
2614,1,47
2615,3,53
2616,5,51
2617,3,66
2618,2,50
2619,4,54
2620,4,40
2621,3,41
2622,3,35
2623,3,59
2624,1,41
2625,3,55
2626,4,62
2627,3,42
2628,4,54
2629,3,56
2630,5,34
2631,3,48
2632,2,43
2633,3,33
2634,2,50
2635,2,62
2636,4,68
2637,1,46
2638,2,50
2639,3,35
2640,3,32
2641,2,53
2642,2,56
2643,1,56
2644,5,51
2645,4,45
2646,4,51
2647,3,65
2648,3,41
2649,4,67
2650,2,44
2651,4,66
2652,3,37
2653,3,57
2654,1,61
2655,4,47
2656,4,57
2657,4,57
2658,3,60
2659,3,51
2660,4,45
2661,3,42
2662,2,39
2663,5,36
2664,1,30
2665,4,61
2666,3,54
2667,3,32
2668,2,50
2669,1,50
2670,2,53
2671,3,43
2672,3,60
2673,3,38
2674,2,68
2675,4,47
2676,4,52
2677,2,57
2678,1,54
2679,3,53
2680,4,41
2681,5,41
2682,4,56
2683,4,72
2684,3,48
2685,3,45
2686,3,57
2687,5,55
2688,3,30
2689,1,48
2690,4,54
2691,2,51
2692,4,45
2693,3,59
2694,3,35
2695,2,42
2696,2,36
2697,2,48
2698,1,54
2699,5,35
2700,4,46
2701,4,32
2702,1,64
2703,2,36
2704,1,36
2705,2,58
2706,5,40
2707,3,39
2708,4,59
2709,4,49
2710,1,54
2711,3,70
2712,3,41
2713,3,57
2714,3,41
2715,2,61
2716,4,57
2717,3,59
2718,2,64
2719,3,60
2720,3,60
2721,4,58
2722,2,66
2723,3,58
2724,3,39
2725,5,39
2726,3,57
2727,2,47
2728,4,54
2729,2,50
2730,4,59
2731,4,51
2732,4,44
2733,5,64
2734,3,52
2735,1,39
2736,4,46
2737,2,46
2738,3,57
2739,4,40
2740,2,44
2741,3,49
2742,2,48
2743,1,38
2744,1,54
2745,5,61
2746,3,51
2747,3,49
2748,3,57
2749,4,43
2750,4,24
2751,3,50
2752,3,60
2753,2,59
2754,4,39
2755,3,48
2756,3,39
2757,3,38
2758,3,36
2759,3,37
2760,2,49
2761,4,49
2762,3,62
2763,2,74
2764,3,55
2765,3,48
2766,3,51
2767,3,35
2768,2,46
2769,4,43
2770,2,55
2771,4,51
2772,5,54
2773,3,40
2774,2,52
2775,3,38
2776,2,38
2777,1,39
2778,2,43
2779,4,53
2780,3,69
2781,4,22
2782,4,43
2783,2,58
2784,3,39
2785,3,41
2786,4,50
2787,2,69
2788,2,54
2789,1,46
2790,3,56
2791,3,39
2792,4,57
2793,3,58
2794,1,53
2795,3,48
2796,2,50
2797,3,44
2798,4,46
2799,3,63
2800,1,72
2801,3,52
2802,4,41
2803,2,54
2804,3,67
2805,3,58
2806,3,47
2807,3,59
2808,3,30
2809,2,44
2810,3,47
2811,2,60
2812,4,42
2813,3,60
2814,3,31
2815,2,57
2816,4,49
2817,3,49
2818,4,46
2819,3,44
2820,2,46
2821,3,69
2822,3,52
2823,3,52
2824,2,51
2825,3,47
2826,3,43
2827,5,50
2828,4,36
2829,4,65
2830,3,50
2831,5,62
2832,3,37
2833,4,39
2834,3,50
2835,3,45
2836,5,49
2837,4,60
2838,4,48
2839,3,45
2840,4,36
2841,2,38
2842,3,51
2843,3,45
2844,3,56
2845,4,53
2846,4,48
2847,4,32
2848,3,51
2849,4,62
2850,3,44
2851,5,30
2852,2,54
2853,3,38
2854,2,61
2855,4,62
2856,1,45
2857,2,40
2858,3,68
2859,3,52
2860,2,39
2861,3,52
2862,3,40
2863,3,37
2864,1,49
2865,4,51
2866,4,54
2867,3,53
2868,4,50
2869,4,38
2870,3,56
2871,1,42
2872,1,38
2873,2,41
2874,2,38
2875,3,32
2876,4,59
2877,3,60
2878,4,54
2879,3,43
2880,3,49
2881,3,46
2882,3,42
2883,1,34
2884,1,62
2885,3,51
2886,5,41
2887,2,53
2888,2,50
2889,4,58
2890,5,47
2891,3,34
2892,4,71
2893,2,58
2894,3,37
2895,1,42
2896,2,48
2897,1,46
2898,4,38
2899,5,34
2900,2,47
2901,4,66
2902,3,51
2903,2,47
2904,2,47
2905,2,64
2906,2,67
2907,4,52
2908,2,54
2909,4,60
2910,3,65
2911,3,60
2912,4,56
2913,3,30
2914,4,51
2915,2,48
2916,2,58
2917,5,51
2918,4,60
2919,3,60
2920,1,45
2921,2,55
2922,4,38
2923,3,35
2924,1,42
2925,1,51
2926,2,48
2927,3,63
2928,4,59
2929,3,50
2930,3,50
2931,5,40
2932,3,63
2933,2,49
2934,3,36
2935,1,48
2936,2,50
2937,2,49
2938,1,48
2939,1,67
2940,1,51
2941,4,53
2942,3,60
2943,4,52
2944,3,46
2945,3,55
2946,5,46
2947,3,50
2948,3,58
2949,4,62
2950,3,58
2951,2,44
2952,3,50
2953,4,49
2954,3,63
2955,1,58
2956,3,51
2957,3,52
2958,3,47
2959,4,31
2960,3,45
2961,4,56
2962,3,38
2963,5,52
2964,4,39
2965,1,50
2966,1,43
2967,3,52
2968,3,45
2969,2,39
2970,3,47
2971,3,30
2972,5,54
2973,3,26
2974,2,40
2975,2,53
2976,4,62
2977,3,54
2978,3,46
2979,4,43
2980,3,40
2981,2,49
2982,3,62
2983,4,38
2984,1,36
2985,3,43
2986,3,53
2987,2,45
2988,2,56
2989,3,57
2990,3,51
2991,3,47
2992,3,73
2993,2,45
2994,1,47
2995,2,40
2996,4,46
2997,5,49
2998,4,48
2999,1,45
3000,3,48
3001,2,40
3002,3,50
3003,3,52
3004,2,62
3005,3,43
3006,5,51
3007,3,52
3008,4,35
3009,3,65
3010,3,41
3011,3,57
3012,3,48
3013,4,56
3014,4,65
3015,3,55
3016,4,44
3017,2,59
3018,4,36
3019,5,56
3020,2,46
3021,3,47
3022,2,42
3023,2,53
3024,4,48
3025,4,43
3026,2,37
3027,3,66
3028,3,42
3029,2,55
3030,3,67
3031,5,52
3032,3,40
3033,4,29
3034,3,43
3035,3,50
3036,3,46
3037,4,38
3038,3,55
3039,2,33
3040,3,54
3041,5,29
3042,3,58
3043,4,59
3044,5,63
3045,3,45
3046,5,59
3047,3,36
3048,3,47
3049,4,44
3050,3,42
3051,4,39
3052,4,66
3053,4,51
3054,2,44
3055,3,61
3056,3,55
3057,2,46
3058,3,50
3059,3,53
3060,4,56
3061,3,50
3062,3,44
3063,4,46
3064,4,57
3065,4,50
3066,3,46
3067,2,47
3068,3,60
3069,4,55
3070,3,42
3071,3,47
3072,3,44
3073,4,72
3074,3,44
3075,1,46
3076,3,48
3077,1,23
3078,2,62
3079,4,69
3080,3,54
3081,3,36
3082,3,59
3083,3,48
3084,2,45
3085,2,40
3086,5,54
3087,3,48
3088,5,44
3089,1,60
3090,4,46
3091,2,59
3092,3,48
3093,5,51
3094,3,39
3095,2,60
3096,1,43
3097,2,46
3098,2,51
3099,2,30
3100,1,48
3101,5,43
3102,5,38
3103,3,60
3104,1,45
3105,2,49
3106,2,36
3107,3,53
3108,3,48
3109,3,55
3110,3,58
3111,3,48
3112,3,54
3113,1,46
3114,4,50
3115,1,54
3116,3,50
3117,2,44
3118,1,49
3119,5,49
3120,3,62
3121,2,49
3122,3,44
3123,3,51
3124,4,54
3125,3,48
3126,4,40
3127,2,57
3128,3,52
3129,2,41
3130,1,44
3131,2,55
3132,4,35
3133,5,43
3134,2,31
3135,1,54
3136,2,44
3137,3,57
3138,3,43
3139,3,47
3140,1,58
3141,4,45
3142,1,45
3143,2,47
3144,4,52
3145,2,36
3146,3,52
3147,3,48
3148,3,64
3149,1,52
3150,3,47
3151,3,33
3152,4,64
3153,3,57
3154,2,42
3155,3,44
3156,2,53
3157,3,50
3158,4,54
3159,2,57
3160,1,54
3161,1,53
3162,3,49
3163,3,46
3164,4,59
3165,2,44
3166,3,51
3167,3,49
3168,4,30
3169,4,49
3170,4,41
3171,4,52
3172,3,56
3173,2,58
3174,3,54
3175,2,47
3176,3,63
3177,4,49
3178,4,72
3179,3,71
3180,5,49
3181,2,39
3182,3,61
3183,3,60
3184,1,56
3185,3,29
3186,3,43
3187,4,50
3188,3,54
3189,4,45
3190,4,41
3191,4,21
3192,5,25
3193,4,55
3194,4,33
3195,2,54
3196,4,27
3197,5,43
3198,2,49
3199,3,41
3200,1,51
3201,3,60
3202,5,56
3203,1,60
3204,3,35
3205,1,44
3206,2,53
3207,3,31
3208,4,35
3209,3,56
3210,5,53
3211,2,40
3212,4,60
3213,2,44
3214,3,51
3215,3,41
3216,3,34
3217,4,39
3218,3,51
3219,3,46
3220,3,52
3221,3,44
3222,5,35
3223,3,57
3224,3,47
3225,3,62
3226,5,45
3227,2,67
3228,4,59
3229,3,46
3230,1,39
3231,3,35
3232,3,58
3233,5,36
3234,5,50
3235,2,39
3236,4,45
3237,3,60
3238,2,41
3239,5,66
3240,5,45
3241,1,49
3242,3,44
3243,2,63
3244,4,50
3245,5,43
3246,1,48
3247,3,40
3248,2,33
3249,5,46
3250,2,52
3251,3,40
3252,3,52
3253,3,54
3254,5,59
3255,5,47
3256,3,64
3257,4,53
3258,1,46
3259,5,47
3260,3,56
3261,3,54
3262,5,69
3263,3,48
3264,3,61
3265,1,72
3266,1,50
3267,3,54
3268,3,49
3269,5,40
3270,3,55
3271,5,63
3272,5,71
3273,4,46
3274,3,38
3275,1,50
3276,4,69
3277,1,48
3278,1,48
3279,2,57
3280,4,57
3281,3,47
3282,2,42
3283,2,43
3284,3,55
3285,2,61
3286,5,47
3287,5,52
3288,3,54
3289,2,57
3290,3,23
3291,5,46
3292,3,68
3293,3,69
3294,3,49
3295,3,43
3296,3,47
3297,4,42
3298,3,43
3299,3,43
3300,3,67
3301,4,64
3302,2,48
3303,4,55
3304,4,56
3305,3,30
3306,3,55
3307,1,40
3308,2,60
3309,3,47
3310,3,57
3311,1,38
3312,5,61
3313,2,54
3314,1,51
3315,2,50
3316,2,47
3317,3,42
3318,4,57
3319,2,46
3320,5,52
3321,4,39
3322,3,55
3323,2,58
3324,3,54
3325,2,52
3326,3,50
3327,3,42
3328,1,45
3329,1,44
3330,3,72
3331,2,35
3332,3,69
3333,3,70
3334,3,49
3335,4,38
3336,1,57
3337,1,46
3338,3,50
3339,3,50
3340,3,58
3341,3,42
3342,1,50
3343,1,47
3344,4,47
3345,3,40
3346,3,47
3347,4,58
3348,3,47
3349,2,46
3350,5,45
3351,1,65
3352,5,53
3353,4,37
3354,3,32
3355,3,57
3356,4,35
3357,3,46
3358,3,44
3359,2,71
3360,4,38
3361,3,55
3362,3,35
3363,1,54
3364,1,49
3365,3,75
3366,4,41
3367,2,45
3368,4,44
3369,1,43
3370,3,43
3371,4,27
3372,4,60
3373,3,51
3374,4,34
3375,5,60
3376,3,58
3377,2,48
3378,3,58
3379,2,34
3380,3,49
3381,4,62
3382,4,54
3383,2,52
3384,1,27
3385,2,55
3386,2,38
3387,4,29
3388,4,36
3389,3,51
3390,4,48
3391,2,54
3392,2,69
3393,3,52
3394,5,45
3395,2,45
3396,1,39
3397,4,30
3398,1,44
3399,5,40
3400,3,61
3401,5,61
3402,4,53
3403,2,43
3404,3,39
3405,4,69
3406,1,49
3407,4,46
3408,5,54
3409,3,42
3410,2,46
3411,2,41
3412,2,36
3413,2,67
3414,4,50
3415,3,58
3416,2,42
3417,3,68
3418,4,58
3419,4,48
3420,3,50
3421,3,63
3422,3,62
3423,3,29
3424,3,56
3425,2,42
3426,2,37
3427,4,59
3428,3,65
3429,4,40
3430,5,44
3431,2,55
3432,3,41
3433,5,47
3434,3,46
3435,4,51
3436,3,46
3437,1,39
3438,4,41
3439,4,50
3440,3,40
3441,2,43
3442,2,47
3443,2,59
3444,4,32
3445,3,50
3446,5,42
3447,4,56
3448,2,46
3449,5,56
3450,2,30
3451,4,64
3452,3,52
3453,4,49
3454,3,41
3455,2,49
3456,2,40
3457,4,41
3458,3,49
3459,4,58
3460,3,52
3461,2,43
3462,3,36
3463,3,28
3464,3,29
3465,2,51
3466,1,44
3467,2,41
3468,2,38
3469,4,57
3470,4,42
3471,3,30
3472,5,47
3473,3,45
3474,3,45
3475,1,42
3476,5,46
3477,3,63
3478,3,55
3479,3,40
3480,3,40
3481,4,46
3482,3,61
3483,2,53
3484,4,34
3485,5,58
3486,1,58
3487,2,44
3488,3,67
3489,3,54
3490,5,51
3491,5,51
3492,3,34
3493,1,55
3494,3,46
3495,2,59
3496,3,39
3497,2,32
3498,2,48
3499,2,60
3500,2,43
3501,4,49
3502,2,56
3503,3,53
3504,2,58
3505,1,55
3506,4,58
3507,3,38
3508,2,52
3509,3,51
3510,3,55
3511,3,55
3512,3,75
3513,4,40
3514,5,50
3515,2,78
3516,4,54
3517,2,50
3518,3,65
3519,3,53
3520,4,59
3521,3,45
3522,4,56
3523,1,44
3524,2,48
3525,2,57
3526,3,53
3527,5,63
3528,4,50
3529,3,56
3530,2,62
3531,1,56
3532,3,49
3533,3,57
3534,5,43
3535,1,18
3536,3,53
3537,3,50
3538,5,49
3539,3,70
3540,3,46
3541,3,57
3542,2,69
3543,3,59
3544,2,46
3545,3,48
3546,3,57
3547,3,50
3548,2,32
3549,4,43
3550,5,47
3551,3,47
3552,4,48
3553,2,57
3554,4,45
3555,3,56
3556,4,36
3557,5,52
3558,1,63
3559,1,42
3560,3,57
3561,1,58
3562,3,50
3563,3,54
3564,5,53
3565,1,39
3566,3,61
3567,3,53
3568,3,41
3569,3,44
3570,2,62
3571,2,55
3572,3,37
3573,1,48
3574,4,65
3575,3,61
3576,1,37
3577,2,53
3578,2,52
3579,5,38
3580,2,42
3581,4,58
3582,3,35
3583,1,53
3584,3,51
3585,3,55
3586,4,35
3587,1,61
3588,5,73
3589,3,33
3590,4,44
3591,2,68
3592,3,70
3593,2,56
3594,3,37
3595,3,40
3596,5,59
3597,5,55
3598,2,51
3599,2,49
3600,3,73
3601,4,49
3602,2,38
3603,5,59
3604,3,53
3605,2,61
3606,3,53
3607,3,58
3608,2,50
3609,1,38
3610,4,50
3611,2,31
3612,4,52
3613,2,62
3614,5,64
3615,3,52
3616,3,50
3617,2,49
3618,1,58
3619,3,46
3620,5,52
3621,2,31
3622,3,57
3623,5,42
3624,2,61
3625,3,59
3626,2,48
3627,1,55
3628,2,42
3629,4,56
3630,2,45
3631,4,57
3632,4,58
3633,5,52
3634,3,42
3635,2,63
3636,2,55
3637,3,45
3638,1,44
3639,4,44
3640,4,45
3641,1,47
3642,3,57
3643,2,34
3644,4,47
3645,4,46
3646,3,62
3647,4,58
3648,4,54
3649,3,41
3650,3,39
3651,1,47
3652,2,51
3653,3,46
3654,5,47
3655,3,43
3656,4,63
3657,3,45
3658,5,82
3659,4,52
3660,5,55
3661,2,49
3662,3,45
3663,5,34
3664,4,67
3665,5,53
3666,2,54
3667,5,57
3668,3,47
3669,2,58
3670,1,63
3671,2,52
3672,2,47
3673,3,55
3674,2,51
3675,2,49
3676,3,35
3677,4,31
3678,2,49
3679,3,46
3680,1,49
3681,2,51
3682,2,64
3683,2,38
3684,5,54
3685,2,50
3686,3,42
3687,1,65
3688,3,57
3689,4,54
3690,2,46
3691,3,55
3692,3,46
3693,4,50
3694,2,48
3695,4,65
3696,3,44
3697,4,50
3698,2,49
3699,3,65
3700,3,49
3701,3,51
3702,2,50
3703,4,48
3704,3,44
3705,1,68
3706,3,46
3707,2,54
3708,1,54
3709,3,62
3710,4,41
3711,5,52
3712,3,34
3713,4,57
3714,2,51
3715,3,67
3716,3,58
3717,4,47
3718,2,45
3719,5,46
3720,2,52
3721,5,54
3722,3,46
3723,5,47
3724,3,53
3725,3,46
3726,3,63
3727,3,39
3728,2,51
3729,5,39
3730,3,42
3731,1,67
3732,4,44
3733,1,46
3734,4,44
3735,3,45
3736,3,54
3737,4,47
3738,4,60
3739,2,39
3740,2,41
3741,3,46
3742,4,57
3743,1,32
3744,3,42
3745,1,40
3746,1,51
3747,1,43
3748,3,52
3749,3,49
3750,1,44
3751,5,58
3752,2,50
3753,2,53
3754,3,45
3755,3,52
3756,4,57
3757,2,52
3758,4,43
3759,4,32
3760,3,35
3761,3,46
3762,1,44
3763,2,54
3764,2,56
3765,4,44
3766,2,40
3767,4,63
3768,3,54
3769,3,50
3770,2,50
3771,3,60
3772,2,49
3773,2,55
3774,2,72
3775,2,48
3776,3,51
3777,3,61
3778,1,32
3779,5,44
3780,3,63
3781,5,48
3782,3,68
3783,3,38
3784,3,74
3785,2,44
3786,4,53
3787,2,28
3788,3,44
3789,3,41
3790,5,41
3791,4,54
3792,2,62
3793,1,53
3794,5,56
3795,4,47
3796,4,48
3797,3,40
3798,2,62
3799,5,55
3800,3,53
3801,2,48
3802,3,42
3803,3,68
3804,3,58
3805,3,35
3806,1,46
3807,1,58
3808,1,52
3809,3,45
3810,3,68
3811,3,47
3812,3,50
3813,2,49
3814,4,46
3815,5,58
3816,3,29
3817,4,47
3818,2,54
3819,1,60
3820,2,57
3821,5,34
3822,3,55
3823,1,55
3824,4,51
3825,2,40
3826,4,29
3827,3,54
3828,2,60
3829,1,49
3830,5,36
3831,2,33
3832,3,53
3833,3,59
3834,2,45
3835,4,45
3836,3,65
3837,5,39
3838,3,33
3839,4,60
3840,2,36
3841,3,51
3842,3,54
3843,1,44
3844,5,47
3845,3,54
3846,1,33
3847,3,38
3848,3,65
3849,3,53
3850,4,39
3851,3,52
3852,2,46
3853,3,54
3854,3,57
3855,4,66
3856,2,53
3857,2,48
3858,3,42
3859,3,39
3860,5,53
3861,4,48
3862,3,68
3863,1,50
3864,4,43
3865,4,39
3866,3,50
3867,3,18
3868,4,50
3869,4,32
3870,5,38
3871,3,46
3872,3,47
3873,2,39
3874,2,46
3875,4,52
3876,3,74
3877,5,47
3878,1,61
3879,4,52
3880,3,51
3881,1,26
3882,4,48
3883,3,48
3884,2,59
3885,3,70
3886,3,48
3887,3,58
3888,4,52
3889,2,58
3890,1,38
3891,5,57
3892,2,51
3893,1,41
3894,3,39
3895,1,52
3896,2,46
3897,3,60
3898,3,37
3899,2,39
3900,3,38
3901,3,54
3902,2,49
3903,3,49
3904,3,42
3905,4,50
3906,1,52
3907,4,48
3908,1,47
3909,5,50
3910,3,35
3911,2,50
3912,1,57
3913,3,38
3914,1,44
3915,2,45
3916,4,44
3917,3,63
3918,2,55
3919,2,61
3920,2,50
3921,3,40
3922,4,36
3923,3,57
3924,3,57
3925,3,51
3926,3,66
3927,2,49
3928,2,54
3929,3,40
3930,4,58
3931,3,45
3932,4,37
3933,1,42
3934,4,61
3935,2,53
3936,4,50
3937,3,66
3938,1,54
3939,2,50
3940,4,48
3941,4,60
3942,3,61
3943,4,45
3944,3,50
3945,4,61
3946,2,54
3947,2,53
3948,2,64
3949,4,58
3950,5,47
3951,2,37
3952,5,51
3953,1,44
3954,4,52
3955,4,43
3956,3,29
3957,3,47
3958,4,72
3959,4,40
3960,3,30
3961,5,56
3962,5,46
3963,4,64
3964,5,41
3965,2,50
3966,4,41
3967,5,56
3968,4,50
3969,3,29
3970,2,46
3971,3,36
3972,5,57
3973,4,33
3974,3,56
3975,2,41
3976,4,29
3977,4,58
3978,3,43
3979,5,43
3980,1,44
3981,3,65
3982,5,38
3983,3,41
3984,3,38
3985,2,48
3986,4,27
3987,5,53
3988,1,46
3989,1,26
3990,2,60
3991,3,51
3992,2,54
3993,1,56
3994,3,48
3995,5,39
3996,2,49
3997,3,49
3998,4,45
3999,2,39
4000,3,48
4001,2,45
4002,3,44
4003,3,66
4004,3,52
4005,3,51
4006,3,43
4007,3,43
4008,3,63
4009,3,40
4010,3,57
4011,3,52
4012,2,54
4013,3,45
4014,2,62
4015,5,53
4016,4,68
4017,3,70
4018,2,54
4019,4,48
4020,2,39
4021,3,45
4022,4,56
4023,3,52
4024,5,38
4025,3,60
4026,1,52
4027,2,51
4028,2,49
4029,3,61
4030,3,57
4031,4,54
4032,1,53
4033,2,61
4034,4,45
4035,3,39
4036,5,65
4037,3,54
4038,1,69
4039,3,71
4040,3,25
4041,3,38
4042,3,49
4043,3,54
4044,4,55
4045,2,59
4046,4,60
4047,3,43
4048,2,42
4049,4,57
4050,3,44
4051,3,38
4052,5,59
4053,5,54
4054,2,54
4055,5,56
4056,1,46
4057,1,47
4058,4,57
4059,4,63
4060,3,50
4061,3,44
4062,3,54
4063,3,55
4064,3,49
4065,2,68
4066,2,40
4067,3,44
4068,3,42
4069,3,58
4070,3,52
4071,1,54
4072,3,39
4073,2,43
4074,3,42
4075,5,52
4076,3,55
4077,4,63
4078,5,55
4079,5,56
4080,3,57
4081,3,59
4082,3,61
4083,2,33
4084,3,44
4085,3,54
4086,3,51
4087,2,61
4088,3,65
4089,4,47
4090,4,34
4091,5,46
4092,3,39
4093,4,52
4094,5,52
4095,3,47
4096,2,46
4097,4,51
4098,3,58
4099,4,46
4100,2,52
4101,4,51
4102,3,58
4103,5,49
4104,3,38
4105,3,38
4106,3,30
4107,3,54
4108,5,67
4109,4,49
4110,3,63
4111,2,48
4112,3,40
4113,5,62
4114,3,51
4115,3,59
4116,4,44
4117,3,48
4118,4,58
4119,1,47
4120,2,44
4121,2,47
4122,2,42
4123,3,57
4124,3,54
4125,3,24
4126,3,52
4127,4,43
4128,2,50
4129,3,48
4130,4,19
4131,3,50
4132,3,21
4133,3,60
4134,2,55
4135,3,39
4136,3,50
4137,3,51
4138,4,62
4139,4,48
4140,3,48
4141,4,63
4142,3,53
4143,4,46
4144,4,52
4145,2,50
4146,1,60
4147,3,47
4148,4,25
4149,2,41
4150,3,42
4151,3,58
4152,3,57
4153,3,43
4154,3,47
4155,3,48
4156,2,49
4157,3,58
4158,2,51
4159,3,64
4160,3,46
4161,3,46
4162,2,53
4163,3,46
4164,1,56
4165,2,49
4166,1,68
4167,3,41
4168,3,39
4169,3,48
4170,5,59
4171,1,38
4172,3,57
4173,3,45
4174,3,31
4175,5,47
4176,4,30
4177,3,40
4178,5,38
4179,2,57
4180,2,40
4181,4,45
4182,3,44
4183,3,69
4184,4,49
4185,3,41
4186,1,37
4187,3,40
4188,3,38
4189,1,63
4190,2,46
4191,3,51
4192,4,59
4193,3,30
4194,4,49
4195,3,43
4196,2,60
4197,3,44
4198,2,40
4199,1,34
4200,4,45
4201,4,33
4202,4,64
4203,3,50
4204,3,54
4205,3,52
4206,3,63
4207,3,59
4208,4,50
4209,2,61
4210,3,35
4211,3,55
4212,3,44
4213,1,52
4214,3,45
4215,2,51
4216,4,55
4217,3,56
4218,1,64
4219,2,59
4220,5,35
4221,3,45
4222,4,39
4223,1,64
4224,5,37
4225,3,46
4226,1,47
4227,4,56
4228,3,23
4229,4,67
4230,3,46
4231,2,53
4232,2,44
4233,4,59
4234,3,39
4235,3,49
4236,3,56
4237,3,25
4238,5,34
4239,3,53
4240,2,45
4241,4,40
4242,3,50
4243,3,53
4244,3,38
4245,3,58
4246,3,38
4247,4,54
4248,4,43
4249,3,42
4250,2,41
4251,1,39
4252,3,48
4253,3,54
4254,3,55
4255,2,75
4256,3,54
4257,5,63
4258,3,38
4259,4,44
4260,1,44
4261,4,51
4262,1,51
4263,3,63
4264,3,31
4265,5,56
4266,4,42
4267,2,60
4268,3,46
4269,4,58
4270,4,62
4271,4,32
4272,3,26
4273,2,40
4274,5,60
4275,4,63
4276,2,64
4277,4,58
4278,4,32
4279,2,57
4280,3,28
4281,4,60
4282,5,43
4283,1,47
4284,4,17
4285,3,34
4286,5,35
4287,1,51
4288,4,48
4289,4,36
4290,2,50
4291,3,46
4292,3,68
4293,3,64
4294,2,41
4295,4,63
4296,3,60
4297,3,41
4298,1,48
4299,2,47
4300,4,56
4301,2,68
4302,4,37
4303,3,61
4304,2,55
4305,3,51
4306,5,28
4307,3,49
4308,4,37
4309,3,53
4310,3,46
4311,2,61
4312,2,40
4313,3,46
4314,3,50
4315,2,52
4316,1,56
4317,3,63
4318,3,45
4319,3,34
4320,3,53
4321,3,49
4322,2,47
4323,3,52
4324,2,56
4325,4,44
4326,4,43
4327,4,46
4328,3,50
4329,3,52
4330,3,66
4331,4,43
4332,5,43
4333,2,39
4334,2,38
4335,3,52
4336,4,39
4337,5,52
4338,1,29
4339,3,36
4340,2,50
4341,3,53
4342,2,54
4343,2,48
4344,3,32
4345,2,49
4346,1,48
4347,3,39
4348,1,51
4349,5,50
4350,4,50
4351,3,46
4352,5,49
4353,2,41
4354,2,28
4355,2,46
4356,3,43
4357,3,43
4358,1,47
4359,4,54
4360,2,64
4361,2,35
4362,2,52
4363,4,52
4364,4,49
4365,4,49
4366,4,44
4367,3,32
4368,1,55
4369,2,50
4370,2,52
4371,3,39
4372,2,56
4373,2,69
4374,4,44
4375,5,25
4376,2,58
4377,4,60
4378,3,33
4379,4,49
4380,3,66
4381,3,50
4382,3,43
4383,1,67
4384,1,62
4385,4,60
4386,3,42
4387,5,40
4388,3,58
4389,3,47
4390,5,27
4391,3,45
4392,4,41
4393,2,47
4394,4,43
4395,3,62
4396,2,37
4397,1,62
4398,3,44
4399,3,56
4400,3,38
4401,3,52
4402,3,56
4403,3,54
4404,3,54
4405,4,54
4406,3,46
4407,3,54
4408,3,42
4409,2,62
4410,3,66
4411,3,43
4412,3,47
4413,5,60
4414,4,44
4415,5,64
4416,1,64
4417,3,63
4418,4,44
4419,3,32
4420,2,50
4421,5,69
4422,4,73
4423,2,61
4424,3,57
4425,3,60
4426,1,44
4427,2,47
4428,1,54
4429,2,62
4430,4,34
4431,3,37
4432,2,48
4433,2,55
4434,4,60
4435,2,52
4436,2,65
4437,4,54
4438,4,49
4439,5,44
4440,3,34
4441,3,57
4442,3,57
4443,1,67
4444,2,56
4445,3,38
4446,3,71
4447,3,43
4448,3,72
4449,1,52
4450,2,60
4451,3,66
4452,2,45
4453,3,63
4454,3,28
4455,4,64
4456,5,65
4457,5,45
4458,4,63
4459,1,34
4460,3,47
4461,3,62
4462,5,56
4463,4,56
4464,3,54
4465,4,54
4466,4,44
4467,3,45
4468,3,50
4469,4,47
4470,3,44
4471,4,41
4472,3,38
4473,3,46
4474,2,34
4475,3,51
4476,2,59
4477,2,53
4478,3,51
4479,3,52
4480,3,56
4481,2,54
4482,3,57
4483,2,61
4484,2,37
4485,3,54
4486,4,50
4487,2,51
4488,4,40
4489,3,51
4490,4,44
4491,4,38
4492,2,24
4493,1,59
4494,2,53
4495,4,60
4496,4,50
4497,3,45
4498,5,39
4499,4,65
4500,2,38
4501,3,32
4502,5,63
4503,3,62
4504,4,51
4505,4,56
4506,3,44
4507,3,48
4508,1,46
4509,5,45
4510,4,62
4511,3,42
4512,4,52
4513,3,32
4514,3,54
4515,1,61
4516,2,48
4517,5,40
4518,2,54
4519,4,57
4520,4,60
4521,4,58
4522,4,51
4523,4,58
4524,4,41
4525,5,71
4526,3,43
4527,2,50
4528,5,61
4529,2,39
4530,4,45
4531,2,48
4532,2,50
4533,5,56
4534,2,69
4535,2,30
4536,2,57
4537,3,40
4538,3,31
4539,3,57
4540,2,58
4541,2,40
4542,4,41
4543,5,36
4544,4,49
4545,4,41
4546,2,60
4547,3,50
4548,3,53
4549,1,50
4550,3,69
4551,5,42
4552,2,56
4553,4,37
4554,3,59
4555,3,48
4556,4,70
4557,2,38
4558,2,38
4559,2,57
4560,3,50
4561,2,64
4562,3,58
4563,4,56
4564,3,52
4565,3,44
4566,3,46
4567,3,46
4568,2,52
4569,4,50
4570,2,46
4571,3,55
4572,3,64
4573,5,52
4574,3,56
4575,1,40
4576,3,40
4577,3,55
4578,3,32
4579,3,50
4580,4,50
4581,3,50
4582,1,53
4583,3,57
4584,2,44
4585,2,42
4586,3,53
4587,3,52
4588,2,37
4589,4,38
4590,2,55
4591,5,54
4592,2,47
4593,1,42
4594,5,54
4595,4,61
4596,1,62
4597,1,48
4598,1,49
4599,5,42
4600,1,45
4601,4,40
4602,2,68
4603,2,49
4604,4,43
4605,1,61
4606,3,66
4607,5,52
4608,4,56
4609,4,60
4610,3,46
4611,2,52
4612,2,69
4613,4,57
4614,4,60
4615,2,54
4616,2,42
4617,3,58
4618,3,67
4619,5,64
4620,3,39
4621,5,43
4622,2,30
4623,4,47
4624,5,60
4625,1,43
4626,3,48
4627,3,57
4628,1,51
4629,3,55
4630,1,58
4631,4,44
4632,2,48
4633,2,52
4634,4,57
4635,3,56
4636,3,38
4637,5,40
4638,4,40
4639,1,50
4640,4,52
4641,2,44
4642,4,50
4643,1,59
4644,5,66
4645,3,35
4646,3,40
4647,3,54
4648,5,33
4649,2,40
4650,3,50
4651,4,45
4652,3,42
4653,3,56
4654,2,64
4655,4,53
4656,3,30
4657,1,63
4658,3,53
4659,1,48
4660,2,60
4661,2,36
4662,4,63
4663,4,65
4664,5,44
4665,2,33
4666,3,53
4667,3,52
4668,5,68
4669,2,51
4670,4,32
4671,4,43
4672,3,48
4673,3,59
4674,3,53
4675,1,41
4676,3,55
4677,5,53
4678,2,58
4679,5,31
4680,3,39
4681,3,56
4682,3,53
4683,3,60
4684,3,51
4685,5,57
4686,2,44
4687,5,42
4688,3,34
4689,4,31
4690,5,59
4691,3,32
4692,4,44
4693,2,43
4694,2,44
4695,3,41
4696,5,71
4697,3,67
4698,3,54
4699,3,52
4700,2,50
4701,5,58
4702,4,67
4703,1,32
4704,3,50
4705,3,38
4706,3,54
4707,3,42
4708,3,40
4709,3,49
4710,3,76
4711,2,45
4712,3,52
4713,2,51
4714,3,50
4715,5,30
4716,2,56
4717,4,65
4718,1,39
4719,4,44
4720,2,37
4721,3,56
4722,3,58
4723,4,48
4724,4,63
4725,1,50
4726,5,58
4727,4,40
4728,3,29
4729,4,45
4730,4,56
4731,4,39
4732,3,42
4733,1,48
4734,4,46
4735,4,64
4736,2,50
4737,2,50
4738,2,44
4739,4,52
4740,3,49
4741,1,54
4742,2,44
4743,4,45
4744,2,52
4745,3,65
4746,1,52
4747,3,42
4748,4,41
4749,3,58
4750,3,55
4751,4,33
4752,3,71
4753,3,56
4754,1,45
4755,3,44
4756,3,63
4757,3,56
4758,4,48
4759,2,56
4760,4,41
4761,3,40
4762,3,65
4763,4,42
4764,2,41
4765,2,45
4766,4,41
4767,4,55
4768,3,61
4769,4,63
4770,1,54
4771,3,50
4772,3,57
4773,3,61
4774,4,54
4775,3,59
4776,2,32
4777,5,44
4778,5,50
4779,3,36
4780,2,36
4781,5,44
4782,1,51
4783,3,50
4784,3,37
4785,4,55
4786,2,54
4787,1,49
4788,3,61
4789,3,41
4790,4,52
4791,3,54
4792,3,71
4793,1,49
4794,3,36
4795,3,65
4796,2,62
4797,3,54
4798,3,44
4799,2,64
4800,1,37
4801,2,62
4802,5,57
4803,3,41
4804,3,24
4805,5,45
4806,3,70
4807,3,46
4808,4,43
4809,3,48
4810,2,39
4811,5,45
4812,3,45
4813,4,65
4814,3,44
4815,3,59
4816,4,44
4817,4,53
4818,3,60
4819,5,25
4820,4,51
4821,2,37
4822,3,48
4823,4,58
4824,2,41
4825,2,25
4826,3,49
4827,5,48
4828,3,44
4829,2,42
4830,4,52
4831,1,41
4832,5,47
4833,4,52
4834,2,44
4835,2,48
4836,4,54
4837,3,67
4838,4,44
4839,2,48
4840,5,59
4841,4,54
4842,1,42
4843,1,36
4844,3,56
4845,3,70
4846,3,54
4847,5,54
4848,2,58
4849,1,63
4850,4,38
4851,4,47
4852,2,52
4853,3,26
4854,5,52
4855,3,48
4856,4,56
4857,2,62
4858,4,45
4859,3,34
4860,3,49
4861,5,52
4862,4,44
4863,3,53
4864,3,65
4865,5,46
4866,2,34
4867,2,39
4868,1,53
4869,5,53
4870,5,50
4871,3,74
4872,4,62
4873,3,62
4874,5,39
4875,1,63
4876,3,51
4877,3,44
4878,3,48
4879,3,46
4880,3,41
4881,3,45
4882,5,55
4883,3,44
4884,4,37
4885,4,58
4886,5,61
4887,4,46
4888,3,54
4889,3,46
4890,4,52
4891,2,67
4892,3,47
4893,5,28
4894,3,53
4895,5,54
4896,5,46
4897,2,52
4898,4,36
4899,1,20
4900,2,49
4901,4,58
4902,2,83
4903,4,58
4904,2,54
4905,3,60
4906,2,49
4907,3,51
4908,3,62
4909,3,49
4910,3,45
4911,4,32
4912,3,85
4913,3,47
4914,5,47
4915,4,55
4916,4,46
4917,5,47
4918,3,66
4919,4,55
4920,1,38
4921,3,44
4922,3,59
4923,4,55
4924,3,58
4925,3,41
4926,3,59
4927,3,52
4928,5,45
4929,3,39
4930,3,42
4931,2,59
4932,3,47
4933,3,64
4934,2,57
4935,4,54
4936,4,42
4937,5,34
4938,3,47
4939,4,35
4940,3,56
4941,2,53
4942,2,70
4943,3,50
4944,3,55
4945,3,50
4946,3,45
4947,3,55
4948,3,56
4949,2,60
4950,2,32
4951,2,55
4952,3,35
4953,5,35
4954,4,38
4955,5,63
4956,1,53
4957,1,51
4958,3,56
4959,1,61
4960,3,50
4961,2,53
4962,3,64
4963,3,43
4964,3,27
4965,5,61
4966,4,52
4967,4,45
4968,4,49
4969,1,54
4970,3,56
4971,4,63
4972,3,71
4973,5,57
4974,1,51
4975,4,49
4976,1,43
4977,3,57
4978,3,52
4979,5,40
4980,2,46
4981,3,58
4982,3,48
4983,2,52
4984,3,52
4985,5,44
4986,2,35
4987,1,55
4988,2,40
4989,3,57
4990,3,48
4991,3,58
4992,2,32
4993,5,46
4994,3,73
4995,1,72
4996,4,46
4997,5,37
4998,5,68
4999,4,48
