0,5,38
1,3,55
2,4,66
3,4,53
4,3,57
5,2,52
6,4,60
7,2,62
8,1,63
9,3,36
10,2,42
11,4,63
12,1,42
13,4,59
14,3,55
15,3,66
16,2,25
17,5,49
18,3,66
19,3,46
20,4,57
21,3,59
22,2,35
23,2,46
24,5,49
25,5,59
26,2,74
27,3,47
28,2,73
29,3,60
30,3,61
31,3,50
32,5,43
33,2,48
34,5,40
35,3,40
36,3,67
37,3,49
38,2,56
39,4,57
40,2,44
41,3,66
42,3,42
43,2,29
44,3,35
45,2,74
46,3,51
47,1,72
48,5,61
49,3,61
50,3,74
51,4,40
52,4,63
53,3,43
54,3,57
55,3,60
56,4,30
57,2,45
58,3,24
59,3,43
60,3,46
61,3,50
62,2,45
63,2,40
64,5,38
65,4,45
66,1,52
67,1,61
68,4,59
69,3,46
70,5,52
71,5,47
72,3,44
73,1,39
74,3,46
75,4,36
76,3,50
77,4,48
78,3,49
79,3,78
80,2,46
81,3,57
82,5,51
83,5,28
84,3,52
85,3,44
86,2,48
87,3,60
88,2,70
89,3,60
90,3,64
91,1,51
92,3,57
93,4,47
94,4,58
95,3,37
96,4,46
97,1,37
98,3,47
99,3,46
100,2,71
101,2,66
102,3,50
103,1,36
104,5,57
105,3,70
106,3,56
107,3,53
108,5,36
109,2,56
110,3,39
111,2,60
112,3,43
113,4,50
114,3,62
115,4,50
116,2,67
117,2,48
118,3,59
119,3,32
120,3,43
121,3,43
122,2,56
123,4,41
124,3,66
125,5,44
126,4,61
127,3,62
128,1,67
129,4,51
130,2,45
131,3,56
132,3,39
133,3,51
134,2,64
135,5,45
136,4,49
137,5,44
138,3,48
139,1,56
140,3,44
141,3,49
142,2,57
143,3,51
144,2,53
145,5,52
146,2,51
147,3,57
148,3,63
149,5,48
150,1,41
151,2,39
152,4,40
153,3,45
154,4,65
155,3,30
156,2,50
157,3,50
158,4,44
159,3,48
160,3,63
161,3,63
162,3,65
163,1,53
164,5,45
165,3,56
166,3,43
167,2,27
168,3,63
169,3,45
170,5,63
171,5,46
172,3,50
173,4,63
174,2,42
175,4,46
176,3,48
177,5,57
178,1,63
179,2,62
180,4,25
181,3,42
182,4,34
183,4,42
184,2,68
185,2,52
186,4,65
187,2,30
188,2,46
189,2,26
190,4,71
191,4,48
192,5,40
193,3,47
194,1,29
195,3,53
196,3,59
197,1,35
198,3,64
199,2,64
200,3,37
201,4,52
202,3,50
203,2,49
204,3,47
205,4,48
206,3,47
207,4,33
208,5,52
209,4,43
210,5,45
211,3,27
212,3,36
213,3,58
214,3,48
215,3,45
216,3,39
217,3,40
218,2,47
219,3,43
220,3,42
221,2,69
222,3,54
223,5,43
224,2,36
225,5,39
226,2,40
227,3,46
228,5,44
229,1,45
230,2,46
231,3,42
232,3,35
233,3,52
234,3,47
235,2,56
236,5,58
237,2,42
238,1,53
239,1,52
240,3,68
241,2,44
242,3,55
243,3,54
244,3,39
245,4,43
246,2,33
247,3,30
248,3,55
249,4,38
250,3,31
251,2,48
252,4,36
253,2,43
254,4,56
255,3,41
256,3,31
257,2,53
258,2,44
259,4,55
260,3,39
261,5,62
262,3,51
263,3,40
264,4,47
265,2,66
266,2,61
267,1,61
268,3,49
269,2,63
270,2,50
271,2,53
272,3,44
273,3,45
274,1,52
275,2,46
276,3,48
277,5,42
278,3,53
279,4,56
280,4,52
281,2,48
282,2,38
283,3,69
284,4,56
285,4,55
286,2,49
287,3,52
288,3,65
289,4,47
290,4,46
291,3,75
292,3,31
293,3,48
294,5,46
295,5,42
296,3,76
297,2,42
298,5,51
299,1,50
300,3,57
301,5,66
302,1,51
303,3,41
304,4,63
305,4,58
306,2,54
307,4,49
308,3,59
309,3,49
310,3,59
311,5,42
312,2,41
313,5,51
314,2,56
315,4,47
316,1,43
317,4,46
318,3,27
319,3,57
320,5,39
321,4,43
322,3,49
323,4,53
324,3,58
325,4,49
326,3,47
327,3,24
328,5,51
329,3,44
330,3,61
331,2,44
332,1,54
333,2,50
334,3,25
335,5,39
336,1,54
337,3,41
338,3,35
339,3,38
340,1,45
341,4,49
342,1,64
343,5,50
344,5,57
345,4,44
346,3,55
347,3,42
348,5,60
349,2,59
350,3,56
351,2,49
352,2,59
353,2,48
354,1,47
355,3,39
356,3,43
357,1,39
358,3,51
359,2,49
360,1,47
361,2,52
362,3,48
363,3,49
364,4,64
365,3,51
366,5,47
367,2,43
368,3,52
369,2,42
370,5,44
371,2,53
372,3,53
373,4,61
374,4,52
375,3,50
376,4,56
377,4,59
378,5,46
379,4,52
380,2,48
381,4,57
382,3,54
383,3,41
384,2,47
385,4,34
386,4,28
387,3,48
388,3,29
389,3,43
390,4,58
391,5,35
392,1,66
393,4,52
394,1,60
395,5,64
396,4,71
397,3,48
398,3,59
399,2,57
400,2,47
401,2,54
402,5,39
403,5,35
404,3,54
405,3,62
406,3,66
407,3,49
408,5,31
409,3,46
410,4,70
411,3,55
412,3,51
413,5,22
414,3,51
415,3,59
416,2,48
417,1,50
418,5,38
419,2,48
420,3,56
421,4,49
422,5,39
423,3,38
424,3,63
425,3,36
426,3,54
427,1,50
428,3,43
429,4,45
430,2,56
431,3,40
432,3,51
433,3,48
434,4,54
435,3,41
436,3,36
437,4,58
438,3,54
439,5,47
440,3,37
441,2,60
442,4,42
443,3,46
444,4,55
445,3,43
446,2,61
447,3,36
448,4,62
449,2,39
450,1,51
451,4,49
452,3,48
453,3,48
454,3,57
455,1,43
456,5,57
457,2,51
458,3,63
459,4,42
460,5,53
461,5,47
462,3,51
463,1,68
464,4,39
465,2,63
466,4,54
467,5,54
468,2,28
469,3,50
470,3,56
471,4,56
472,5,39
473,3,48
474,5,47
475,3,44
476,4,43
477,3,60
478,4,60
479,3,33
480,4,62
481,5,47
482,2,52
483,4,66
484,4,63
485,3,54
486,2,58
487,3,61
488,4,38
489,3,56
490,1,42
491,1,59
492,1,66
493,4,45
494,2,57
495,3,31
496,4,55
497,1,59
498,3,52
499,4,48
500,3,40
501,3,48
502,2,37
503,4,54
504,1,56
505,2,36
506,2,49
507,1,46
508,3,66
509,3,50
510,3,74
511,3,60
512,2,48
513,4,69
514,2,59
515,4,52
516,2,48
517,2,54
518,3,44
519,3,66
520,1,41
521,3,47
522,3,56
523,4,56
524,2,39
525,3,48
526,3,47
527,4,55
528,3,50
529,3,49
530,3,40
531,3,56
532,2,52
533,2,60
534,2,51
535,1,65
536,4,51
537,3,61
538,1,26
539,3,46
540,1,45
541,4,44
542,2,53
543,2,41
544,3,59
545,2,35
546,3,29
547,5,37
548,1,55
549,4,34
550,4,52
551,5,47
552,5,62
553,2,62
554,1,58
555,3,58
556,1,36
557,4,37
558,3,53
559,3,67
560,2,50
561,2,54
562,3,47
563,2,52
564,2,46
565,3,49
566,3,49
567,4,61
568,3,48
569,4,39
570,1,61
571,5,50
572,3,54
573,2,48
574,4,48
575,4,40
576,4,37
577,4,43
578,2,59
579,4,52
580,1,42
581,2,72
582,2,49
583,1,54
584,3,44
585,2,49
586,2,32
587,1,49
588,3,46
589,2,50
590,3,43
591,5,59
592,1,59
593,4,60
594,4,44
595,3,47
596,2,43
597,3,44
598,3,56
599,2,58
600,1,51
601,5,33
602,3,49
603,3,58
604,2,65
605,3,52
606,5,54
607,1,41
608,3,58
609,5,56
610,3,26
611,5,53
612,3,50
613,3,42
614,3,47
615,5,51
616,2,24
617,3,42
618,5,56
619,5,78
620,2,40
621,2,45
622,3,60
623,4,45
624,3,48
625,5,49
626,2,37
627,3,42
628,3,38
629,3,54
630,4,51
631,2,40
632,5,48
633,2,49
634,5,45
635,2,59
636,5,51
637,3,64
638,3,48
639,2,66
640,3,54
641,2,55
642,3,56
643,4,49
644,2,43
645,4,39
646,2,42
647,4,56
648,4,51
649,5,52
650,3,70
651,2,66
652,4,49
653,5,68
654,3,56
655,4,54
656,3,60
657,3,53
658,1,63
659,3,38
660,2,34
661,3,45
662,2,53
663,3,41
664,3,45
665,3,64
666,2,52
667,3,40
668,3,35
669,4,55
670,4,32
671,3,66
672,2,50
673,5,48
674,4,46
675,2,54
676,4,65
677,2,37
678,1,49
679,1,69
680,3,53
681,2,46
682,4,44
683,4,55
684,3,43
685,4,38
686,2,39
687,3,54
688,3,56
689,4,46
690,3,45
691,3,56
692,3,55
693,4,67
694,3,37
695,4,55
696,2,50
697,3,52
698,2,44
699,2,53
700,3,44
701,3,60
702,3,48
703,4,40
704,3,46
705,4,47
706,2,51
707,2,51
708,2,47
709,2,58
710,4,77
711,3,44
712,3,46
713,3,56
714,3,31
715,3,45
716,2,54
717,3,39
718,5,39
719,4,73
720,1,26
721,1,48
722,3,34
723,3,54
724,1,49
725,1,55
726,2,43
727,5,32
728,3,46
729,3,42
730,1,44
731,1,54
732,4,39
733,4,54
734,3,46
735,2,38
736,3,43
737,4,44
738,2,51
739,4,62
740,2,46
741,3,50
742,2,42
743,3,55
744,3,53
745,3,46
746,4,59
747,5,29
748,3,46
749,3,46
750,4,32
751,4,51
752,5,47
753,2,58
754,1,62
755,2,36
756,3,63
757,3,31
758,3,65
759,2,46
760,1,39
761,2,51
762,1,72
763,3,60
764,2,46
765,2,57
766,1,50
767,2,61
768,1,47
769,3,57
770,4,58
771,3,50
772,3,61
773,2,53
774,1,51
775,4,45
776,4,36
777,4,52
778,5,41
779,4,61
780,3,49
781,3,48
782,2,53
783,2,41
784,3,54
785,3,57
786,2,50
787,3,58
788,3,44
789,3,53
790,5,39
791,3,44
792,3,61
793,3,61
794,2,47
795,1,43
796,2,32
797,5,47
798,3,49
799,1,60
800,1,46
801,1,50
802,2,41
803,4,47
804,1,58
805,1,55
806,3,50
807,3,44
808,4,56
809,2,44
810,3,51
811,3,52
812,2,45
813,4,53
814,5,51
815,1,57
816,2,57
817,5,52
818,4,53
819,3,53
820,2,44
821,3,45
822,1,49
823,1,48
824,2,57
825,5,53
826,3,63
827,5,48
828,3,48
829,2,37
830,4,41
831,3,42
832,2,56
833,4,42
834,3,63
835,3,33
836,3,64
837,5,27
838,3,33
839,3,44
840,3,54
841,3,47
842,1,30
843,4,30
844,5,47
845,3,49
846,4,35
847,4,29
848,3,46
849,4,48
850,4,60
851,5,53
852,5,48
853,4,48
854,2,62
855,3,25
856,3,45
857,3,45
858,5,47
859,4,52
860,5,59
861,3,54
862,2,39
863,2,61
864,3,53
865,3,33
866,4,52
867,3,51
868,4,47
869,4,45
870,4,48
871,3,52
872,3,36
873,3,32
874,4,61
875,4,44
876,5,46
877,4,47
878,4,54
879,2,59
880,3,66
881,4,29
882,3,41
883,3,37
884,3,63
885,2,32
886,2,56
887,4,47
888,2,37
889,2,51
890,4,61
891,1,52
892,1,44
893,1,68
894,3,46
895,3,45
896,4,54
897,2,38
898,2,61
899,4,62
900,3,55
901,4,59
902,3,49
903,3,50
904,4,42
905,2,58
906,4,56
907,5,50
908,3,49
909,3,38
910,4,38
911,3,46
912,2,50
913,2,61
914,3,58
915,4,58
916,4,38
917,3,50
918,1,36
919,1,35
920,3,38
921,4,36
922,3,49
923,3,50
924,3,61
925,2,33
926,3,37
927,2,61
928,4,42
929,4,44
930,1,48
931,2,45
932,4,41
933,1,54
934,3,45
935,5,38
936,3,53
937,2,48
938,4,61
939,1,38
940,4,47
941,3,65
942,4,68
943,4,55
944,4,41
945,3,35
946,3,69
947,5,36
948,3,54
949,3,47
950,3,58
951,4,50
952,3,42
953,4,64
954,5,51
955,2,51
956,3,60
957,5,55
958,1,43
959,3,43
960,2,57
961,3,49
962,3,46
963,3,42
964,2,47
965,3,36
966,3,47
967,5,48
968,2,44
969,4,65
970,4,49
971,4,37
972,4,40
973,1,43
974,4,42
975,2,47
976,3,42
977,3,35
978,3,58
979,1,29
980,3,74
981,3,72
982,3,59
983,3,49
984,2,35
985,2,62
986,2,52
987,5,59
988,3,41
989,3,58
990,4,52
991,3,70
992,4,49
993,1,45
994,3,52
995,4,38
996,1,47
997,1,48
998,2,62
999,5,54
1000,3,42
1001,2,41
1002,5,54
1003,3,49
1004,2,42
1005,3,45
1006,3,41
1007,4,66
1008,3,39
1009,1,62
1010,3,52
1011,3,51
1012,3,48
1013,3,46
1014,3,46
1015,4,46
1016,2,62
1017,3,60
1018,4,44
1019,1,36
1020,2,45
1021,5,68
1022,1,51
1023,3,38
1024,2,52
1025,1,68
1026,5,67
1027,2,41
1028,3,35
1029,5,52
1030,2,65
1031,3,63
1032,3,55
1033,3,45
1034,3,41
1035,3,45
1036,3,58
1037,5,69
1038,4,69
1039,5,37
1040,2,51
1041,4,31
1042,4,32
1043,5,55
1044,3,55
1045,3,49
1046,2,46
1047,5,64
1048,3,49
1049,2,54
1050,4,55
1051,2,37
1052,1,51
1053,3,52
1054,5,48
1055,4,60
1056,2,48
1057,4,60
1058,3,41
1059,4,53
1060,5,62
1061,3,54
1062,3,56
1063,3,44
1064,4,50
1065,5,65
1066,1,43
1067,2,35
1068,3,62
1069,4,24
1070,3,42
1071,3,34
1072,4,52
1073,3,61
1074,3,44
1075,5,54
1076,4,68
1077,1,46
1078,2,48
1079,3,54
1080,2,44
1081,2,42
1082,1,65
1083,3,43
1084,2,49
1085,4,39
1086,3,57
1087,2,42
1088,4,54
1089,3,45
1090,4,41
1091,3,43
1092,2,54
1093,2,46
1094,3,71
1095,4,47
1096,2,25
1097,2,50
1098,1,41
1099,2,49
1100,4,44
1101,2,58
1102,4,29
1103,5,59
1104,3,36
1105,3,57
1106,1,43
1107,1,41
1108,3,45
1109,3,44
1110,2,43
1111,3,57
1112,2,51
1113,3,54
1114,3,47
1115,2,53
1116,2,42
1117,2,48
1118,4,47
1119,3,22
1120,3,52
1121,3,38
1122,3,38
1123,3,54
1124,2,53
1125,2,44
1126,2,59
1127,3,44
1128,4,45
1129,3,50
1130,3,64
1131,3,50
1132,3,57
1133,4,20
1134,1,62
1135,1,55
1136,4,61
1137,3,64
1138,4,49
1139,3,43
1140,3,58
1141,4,52
1142,4,57
1143,4,50
1144,5,59
1145,3,38
1146,3,57
1147,2,49
1148,2,64
1149,3,52
1150,4,58
1151,3,47
1152,4,60
1153,3,55
1154,4,65
1155,3,52
1156,2,41
1157,3,52
1158,1,48
1159,4,55
1160,3,51
1161,2,44
1162,2,53
1163,4,55
1164,3,46
1165,2,49
1166,3,40
1167,2,50
1168,3,45
1169,4,52
1170,1,35
1171,1,59
1172,4,58
1173,4,54
1174,2,31
1175,2,42
1176,4,54
1177,3,59
1178,3,35
1179,4,47
1180,5,47
1181,4,65
1182,3,41
1183,4,65
1184,3,45
1185,3,46
1186,4,59
1187,3,39
1188,4,43
1189,2,41
1190,3,66
1191,2,33
1192,3,55
1193,2,31
1194,2,64
1195,3,32
1196,4,57
1197,5,51
1198,3,52
1199,4,59
1200,3,43
1201,3,57
1202,3,60
1203,3,50
1204,3,46
1205,3,38
1206,5,57
1207,4,57
1208,3,37
1209,3,43
1210,3,59
1211,2,61
1212,3,49
1213,4,63
1214,4,45
1215,3,42
1216,3,63
1217,3,43
1218,3,53
1219,3,50
1220,1,52
1221,3,45
1222,1,59
1223,4,50
1224,1,78
1225,4,61
1226,3,42
1227,4,55
1228,3,42
1229,3,57
1230,5,39
1231,4,61
1232,3,52
1233,3,28
1234,2,32
1235,1,58
1236,2,70
1237,2,33
1238,1,69
1239,5,34
1240,3,27
1241,4,55
1242,3,50
1243,4,41
1244,3,42
1245,1,44
1246,4,31
1247,1,62
1248,1,46
1249,4,42
1250,4,35
1251,1,58
1252,1,40
1253,4,33
1254,3,62
1255,3,42
1256,5,55
1257,3,45
1258,3,15
1259,4,41
1260,2,47
1261,3,64
1262,2,54
1263,1,55
1264,2,60
1265,4,51
1266,4,55
1267,2,59
1268,5,60
1269,2,50
1270,2,44
1271,3,40
1272,5,64
1273,5,66
1274,5,51
1275,3,64
1276,5,50
1277,5,51
1278,2,44
1279,3,50
1280,4,48
1281,1,48
1282,3,51
1283,3,48
1284,3,43
1285,2,53
1286,2,67
1287,3,53
1288,4,56
1289,4,48
1290,4,44
1291,1,53
1292,4,60
1293,3,60
1294,3,59
1295,2,39
1296,3,40
1297,3,61
1298,3,52
1299,4,50
1300,3,50
1301,3,46
1302,4,37
1303,3,43
1304,4,41
1305,2,46
1306,5,48
1307,1,45
1308,5,51
1309,3,52
1310,5,65
1311,2,31
1312,3,51
1313,2,41
1314,2,63
1315,3,40
1316,5,49
1317,3,40
1318,4,37
1319,2,55
1320,3,30
1321,2,53
1322,3,54
1323,3,67
1324,4,47
1325,4,48
1326,1,50
1327,3,55
1328,3,69
1329,3,64
1330,4,44
1331,5,63
1332,2,49
1333,2,54
1334,3,37
1335,4,34
1336,5,46
1337,3,53
1338,4,53
1339,3,62
1340,3,36
1341,3,47
1342,2,55
1343,3,43
1344,3,42
1345,5,44
1346,3,56
1347,3,54
1348,4,52
1349,4,48
1350,4,28
1351,2,60
1352,4,54
1353,3,68
1354,4,53
1355,5,47
1356,5,42
1357,4,42
1358,3,60
1359,3,55
1360,1,44
1361,3,48
1362,3,56
1363,5,49
1364,3,29
1365,2,48
1366,5,62
1367,3,47
1368,4,53
1369,2,53
1370,3,54
1371,5,67
1372,4,66
1373,3,54
1374,3,49
1375,5,41
1376,4,46
1377,3,66
1378,2,57
1379,4,58
1380,3,30
1381,1,48
1382,3,51
1383,3,36
1384,3,50
1385,3,32
1386,3,45
1387,2,43
1388,3,43
1389,5,59
1390,4,47
1391,3,43
1392,3,45
1393,3,59
1394,3,57
1395,5,49
1396,2,51
1397,2,46
1398,3,66
1399,3,48
1400,3,58
1401,3,61
1402,4,59
1403,3,46
1404,2,49
1405,4,53
1406,2,43
1407,3,52
1408,3,40
1409,1,49
1410,5,60
1411,3,38
1412,4,52
1413,2,54
1414,2,52
1415,1,38
1416,3,51
1417,4,54
1418,3,47
1419,4,58
1420,2,41
1421,3,54
1422,3,35
1423,2,50
1424,3,41
1425,3,37
1426,2,36
1427,2,57
1428,2,45
1429,1,58
1430,3,37
1431,3,52
1432,3,54
1433,3,43
1434,4,39
1435,4,39
1436,5,46
1437,1,43
1438,4,60
1439,3,57
1440,3,48
1441,2,55
1442,4,56
1443,4,49
1444,1,56
1445,4,41
1446,3,24
1447,5,30
1448,3,48
1449,3,47
1450,3,33
1451,4,66
1452,2,49
1453,3,56
1454,4,66
1455,3,42
1456,5,32
1457,1,51
1458,2,45
1459,2,50
1460,2,69
1461,3,50
1462,3,45
1463,3,62
1464,4,52
1465,4,52
1466,3,63
1467,5,69
1468,4,34
1469,4,39
1470,3,42
1471,3,60
1472,4,37
1473,3,60
1474,3,35
1475,2,42
1476,2,49
1477,5,45
1478,4,32
1479,4,56
1480,3,49
1481,2,57
1482,5,46
1483,5,60
1484,3,61
1485,3,37
1486,1,46
1487,4,53
1488,4,46
1489,2,35
1490,3,53
1491,3,52
1492,3,57
1493,3,49
1494,3,39
1495,1,50
1496,5,55
1497,3,46
1498,3,58
1499,2,64
1500,3,37
1501,2,52
1502,4,62
1503,4,46
1504,3,34
1505,2,60
1506,3,54
1507,4,44
1508,2,39
1509,3,29
1510,4,57
1511,3,53
1512,3,39
1513,5,50
1514,3,57
1515,2,69
1516,3,59
1517,2,41
1518,3,45
1519,2,39
1520,5,40
1521,3,51
1522,3,42
1523,3,41
1524,4,51
1525,4,60
1526,3,57
1527,3,50
1528,2,55
1529,3,41
1530,3,50
1531,3,47
1532,5,62
1533,3,54
1534,4,32
1535,5,51
1536,2,51
1537,1,57
1538,3,50
1539,1,51
1540,2,60
1541,3,54
1542,3,49
1543,1,60
1544,2,50
1545,2,33
1546,4,47
1547,5,59
1548,5,74
1549,3,61
1550,3,42
1551,1,46
1552,3,47
1553,4,31
1554,1,51
1555,3,34
1556,2,51
1557,4,42
1558,3,32
1559,3,56
1560,3,45
1561,3,46
1562,5,40
1563,2,50
1564,3,55
1565,3,48
1566,3,49
1567,5,42
1568,3,40
1569,3,52
1570,3,32
1571,3,53
1572,3,50
1573,4,47
1574,3,61
1575,2,52
1576,4,48
1577,1,42
1578,3,49
1579,2,68
1580,2,49
1581,3,75
1582,1,36
1583,2,39
1584,3,50
1585,5,59
1586,5,50
1587,3,54
1588,1,51
1589,1,46
1590,3,50
1591,4,53
1592,2,48
1593,2,50
1594,3,51
1595,4,59
1596,2,49
1597,5,49
1598,4,40
1599,4,57
1600,4,62
1601,2,31
1602,3,60
1603,4,49
1604,3,44
1605,3,50
1606,3,77
1607,3,53
1608,1,37
1609,2,42
1610,5,44
1611,3,53
1612,1,43
1613,4,58
1614,4,30
1615,2,35
1616,2,63
1617,3,46
1618,3,44
1619,5,49
1620,1,57
1621,5,39
1622,4,69
1623,2,53
1624,5,36
1625,2,65
1626,2,38
1627,4,50
1628,1,40
1629,3,49
1630,2,59
1631,1,51
1632,3,43
1633,2,50
1634,3,44
1635,3,59
1636,4,42
1637,3,58
1638,3,45
1639,1,51
1640,1,42
1641,2,45
1642,3,56
1643,4,48
1644,3,59
1645,4,50
1646,2,44
1647,4,55
1648,3,47
1649,3,43
1650,3,45
1651,3,47
1652,2,63
1653,1,51
1654,5,47
1655,2,46
1656,3,49
1657,3,52
1658,5,59
1659,4,39
1660,2,52
1661,1,54
1662,2,46
1663,3,56
1664,2,60
1665,2,39
1666,1,52
1667,1,41
1668,4,37
1669,4,56
1670,3,52
1671,3,48
1672,2,36
1673,3,58
1674,3,49
1675,4,40
1676,3,56
1677,2,36
1678,5,49
1679,4,51
1680,3,48
1681,4,54
1682,1,61
1683,3,60
1684,3,33
1685,4,48
1686,3,56
1687,3,48
1688,3,55
1689,3,48
1690,4,50
1691,3,51
1692,4,68
1693,2,48
1694,3,43
1695,4,53
1696,3,41
1697,3,62
1698,3,52
1699,1,71
1700,3,38
1701,4,43
1702,1,40
1703,5,45
1704,3,50
1705,1,55
1706,5,61
1707,4,45
1708,3,57
1709,3,42
1710,3,50
1711,3,17
1712,4,57
1713,3,31
1714,1,43
1715,2,51
1716,4,42
1717,4,40
1718,3,62
1719,2,47
1720,2,46
1721,3,59
1722,1,78
1723,4,41
1724,4,54
1725,4,43
1726,2,48
1727,3,42
1728,3,50
1729,4,58
1730,3,46
1731,2,19
1732,5,47
1733,3,45
1734,3,38
1735,1,39
1736,3,59
1737,3,42
1738,4,49
1739,3,53
1740,4,43
1741,3,55
1742,5,69
1743,3,54
1744,2,49
1745,3,49
1746,3,53
1747,1,60
1748,4,37
1749,1,56
1750,3,40
1751,3,37
1752,3,46
1753,4,49
1754,3,57
1755,5,36
1756,5,64
1757,4,39
1758,5,32
1759,3,58
1760,3,64
1761,3,52
1762,1,48
1763,3,49
1764,3,67
1765,2,61
1766,1,49
1767,3,48
1768,3,37
1769,3,56
1770,1,39
1771,3,49
1772,3,51
1773,3,68
1774,4,53
1775,2,51
1776,3,45
1777,3,49
1778,4,49
1779,3,44
1780,1,45
1781,5,38
1782,2,51
1783,3,52
1784,3,55
1785,2,55
1786,3,59
1787,3,57
1788,5,42
1789,2,57
1790,1,49
1791,5,52
1792,2,45
1793,3,73
1794,4,70
1795,3,38
1796,5,35
1797,5,53
1798,2,44
1799,3,61
1800,3,47
1801,3,51
1802,2,54
1803,4,43
1804,4,62
1805,4,65
1806,4,52
1807,1,51
1808,3,52
1809,2,51
1810,4,45
1811,4,39
1812,2,66
1813,1,67
1814,3,49
1815,5,58
1816,5,34
1817,3,50
1818,4,42
1819,2,57
1820,2,41
1821,3,55
1822,2,59
1823,3,45
1824,3,41
1825,5,50
1826,2,56
1827,4,46
1828,2,34
1829,1,58
1830,2,51
1831,4,53
1832,3,60
1833,1,50
1834,2,50
1835,3,47
1836,1,68
1837,2,42
1838,3,53
1839,4,59
1840,3,54
1841,4,61
1842,3,52
1843,3,51
1844,4,54
1845,4,49
1846,3,41
1847,5,40
1848,3,60
1849,4,71
1850,3,45
1851,3,55
1852,1,59
1853,4,45
1854,2,68
1855,4,40
1856,3,60
1857,4,41
1858,3,56
1859,2,46
1860,5,42
1861,1,50
1862,1,54
1863,3,64
1864,3,52
1865,4,45
1866,3,43
1867,4,63
1868,2,48
1869,5,57
1870,3,51
1871,3,46
1872,3,65
1873,3,47
1874,1,46
1875,3,43
1876,3,55
1877,4,37
1878,2,43
1879,5,25
1880,3,62
1881,4,53
1882,1,46
1883,4,50
1884,4,27
1885,3,63
1886,3,47
1887,3,39
1888,5,53
1889,5,56
1890,2,50
1891,2,40
1892,5,42
1893,1,44
1894,3,46
1895,3,52
1896,3,64
1897,5,44
1898,3,48
1899,2,44
1900,5,42
1901,2,54
1902,3,42
1903,1,43
1904,2,42
1905,3,61
1906,2,47
1907,2,54
1908,3,55
1909,2,42
1910,3,52
1911,3,64
1912,4,57
1913,2,46
1914,3,44
1915,2,51
1916,5,36
1917,2,39
1918,4,57
1919,3,53
1920,3,40
1921,3,33
1922,4,38
1923,3,43
1924,5,40
1925,3,46
1926,3,60
1927,1,43
1928,3,47
1929,3,42
1930,3,45
1931,1,49
1932,3,33
1933,3,51
1934,3,37
1935,3,48
1936,2,71
1937,3,39
1938,1,37
1939,2,36
1940,3,50
1941,2,54
1942,4,44
1943,2,50
1944,3,41
1945,1,65
1946,3,49
1947,3,48
1948,3,38
1949,1,42
1950,3,39
1951,1,41
1952,5,62
1953,3,47
1954,3,47
1955,3,61
1956,3,43
1957,3,42
1958,3,55
1959,3,57
1960,4,48
1961,2,55
1962,2,51
1963,2,55
1964,3,51
1965,2,54
1966,3,50
1967,4,60
1968,4,43
1969,3,62
1970,2,53
1971,4,43
1972,3,44
1973,5,38
1974,2,37
1975,3,55
1976,4,58
1977,3,48
1978,2,72
1979,3,35
1980,3,45
1981,1,72
1982,4,53
1983,3,42
1984,2,54
1985,5,51
1986,1,45
1987,3,35
1988,4,48
1989,3,64
1990,4,46
1991,4,50
1992,2,76
1993,1,63
1994,3,32
1995,3,52
1996,2,65
1997,2,43
1998,3,52
1999,3,57
2000,3,46
2001,3,57
2002,2,58
2003,3,35
2004,2,63
2005,3,61
2006,4,43
2007,3,45
2008,5,42
2009,3,63
2010,3,56
2011,5,61
2012,1,55
2013,3,41
2014,2,41
2015,3,49
2016,5,48
2017,5,55
2018,3,51
2019,4,61
2020,4,42
2021,2,40
2022,1,45
2023,3,62
2024,3,47
2025,2,51
2026,4,45
2027,3,61
2028,3,40
2029,2,51
2030,4,58
2031,2,53
2032,4,51
2033,3,35
2034,3,56
2035,4,42
2036,4,63
2037,1,59
2038,3,54
2039,3,50
2040,2,72
2041,3,39
2042,2,52
2043,2,52
2044,3,52
2045,2,61
2046,4,33
2047,4,46
2048,2,47
2049,5,53
2050,3,48
2051,3,39
2052,4,66
2053,3,56
2054,3,49
2055,4,42
2056,3,55
2057,2,65
2058,3,59
2059,3,38
2060,3,56
2061,4,43
2062,5,46
2063,2,43
2064,3,37
2065,1,47
2066,3,53
2067,4,43
2068,1,51
2069,3,48
2070,3,53
2071,3,55
2072,4,59
2073,5,50
2074,1,47
2075,4,59
2076,4,37
2077,2,38
2078,5,51
2079,2,71
2080,3,57
2081,3,43
2082,4,46
2083,1,43
2084,2,33
2085,4,42
2086,2,49
2087,3,48
2088,3,50
2089,4,38
2090,4,61
2091,5,34
2092,4,42
2093,3,40
2094,2,42
2095,3,70
2096,3,52
2097,2,44
2098,2,47
2099,5,57
2100,1,60
2101,3,53
2102,2,58
2103,1,41
2104,3,32
2105,3,43
2106,1,62
2107,3,63
2108,1,56
2109,4,57
2110,1,57
2111,5,36
2112,3,43
2113,4,42
2114,2,48
2115,2,43
2116,2,60
2117,2,54
2118,3,40
2119,3,46
2120,4,66
2121,3,43
2122,3,47
2123,3,60
2124,2,39
2125,3,48
2126,4,58
2127,4,51
2128,3,48
2129,2,44
2130,3,43
2131,5,50
2132,3,42
2133,2,41
2134,1,45
2135,3,48
2136,3,40
2137,3,43
2138,3,62
2139,4,46
2140,1,65
2141,1,46
2142,2,56
2143,5,51
2144,2,39
2145,3,39
2146,3,47
2147,5,70
2148,4,49
2149,3,47
2150,2,26
2151,3,42
2152,4,52
2153,3,37
2154,4,41
2155,3,53
2156,4,49
2157,3,51
2158,4,53
2159,3,49
2160,4,39
2161,2,58
2162,3,52
2163,3,41
2164,5,50
2165,2,49
2166,4,40
2167,3,53
2168,2,37
2169,4,51
2170,3,41
2171,2,57
2172,3,54
2173,3,54
2174,3,58
2175,4,37
2176,4,48
2177,4,30
2178,2,45
2179,3,59
2180,3,62
2181,1,66
2182,4,41
2183,3,52
2184,1,47
2185,5,38
2186,2,56
2187,4,27
2188,1,51
2189,1,37
2190,3,58
2191,3,48
2192,4,63
2193,4,31
2194,3,47
2195,2,49
2196,2,39
2197,5,49
2198,5,43
2199,2,39
2200,3,59
2201,5,68
2202,3,34
2203,3,36
2204,3,65
2205,3,54
2206,3,52
2207,5,43
2208,1,57
2209,5,61
2210,4,58
2211,4,27
2212,1,56
2213,3,34
2214,4,58
2215,3,58
2216,2,37
2217,3,53
2218,3,61
2219,3,59
2220,3,49
2221,5,37
2222,3,52
2223,4,37
2224,2,51
2225,5,46
2226,3,54
2227,1,43
2228,3,42
2229,3,38
2230,3,42
2231,1,66
2232,3,38
2233,2,51
2234,2,69
2235,2,23
2236,1,44
2237,1,55
2238,5,63
2239,2,45
2240,5,35
2241,4,53
2242,3,50
2243,3,43
2244,5,63
2245,3,53
2246,3,57
2247,2,52
2248,1,52
2249,5,49
2250,4,46
2251,3,47
2252,3,48
2253,5,28
2254,2,50
2255,4,35
2256,1,61
2257,3,35
2258,3,51
2259,3,37
2260,3,48
2261,1,59
2262,4,44
2263,3,53
2264,3,53
2265,2,37
2266,3,53
2267,3,52
2268,3,62
2269,4,57
2270,2,53
2271,1,60
2272,2,53
2273,3,50
2274,5,56
2275,3,65
2276,1,35
2277,5,61
2278,4,42
2279,4,52
2280,4,52
2281,3,61
2282,5,48
2283,3,66
2284,3,41
2285,2,50
2286,5,39
2287,3,53
2288,1,47
2289,3,57
2290,4,62
2291,3,37
2292,4,35
2293,3,41
2294,3,49
2295,4,34
2296,2,34
2297,5,42
2298,3,52
2299,4,58
2300,5,48
2301,3,52
2302,2,34
2303,3,46
2304,3,48
2305,3,56
2306,1,46
2307,3,49
2308,3,53
2309,3,71
2310,4,58
2311,4,56
2312,2,36
2313,2,43
2314,3,46
2315,3,45
2316,4,77
2317,2,48
2318,3,69
2319,4,44
2320,2,48
2321,5,64
2322,2,61
2323,5,56
2324,2,48
2325,1,52
2326,3,63
2327,3,42
2328,5,43
2329,2,59
2330,3,39
2331,3,44
2332,3,43
2333,4,44
2334,3,30
2335,1,36
2336,2,64
2337,1,41
2338,2,59
2339,1,54
2340,3,53
2341,3,49
2342,4,65
2343,3,56
2344,4,46
2345,4,64
2346,5,50
2347,3,47
2348,3,52
2349,3,64
2350,4,41
2351,2,59
2352,2,59
2353,2,72
2354,3,57
2355,3,52
2356,3,51
2357,4,48
2358,4,48
2359,3,72
2360,4,50
2361,4,52
2362,5,55
2363,3,58
2364,3,46
2365,3,56
2366,3,50
2367,3,35
2368,5,41
2369,4,52
2370,3,54
2371,3,42
2372,5,45
2373,3,54
2374,3,42
2375,4,57
2376,3,49
2377,4,47
2378,3,59
2379,3,65
2380,1,33
2381,3,56
2382,5,38
2383,3,44
2384,2,45
2385,3,42
2386,2,51
2387,3,42
2388,3,39
2389,5,36
2390,3,56
2391,2,53
2392,3,55
2393,2,57
2394,2,51
2395,3,54
2396,3,41
2397,3,51
2398,3,32
2399,3,61
2400,3,47
2401,2,52
2402,4,46
2403,4,42
2404,4,45
2405,2,56
2406,4,36
2407,3,47
2408,5,51
2409,3,38
2410,1,60
2411,3,48
2412,4,47
2413,2,49
2414,3,63
2415,3,62
2416,3,46
2417,2,51
2418,2,51
2419,3,49
2420,2,46
2421,5,69
2422,3,53
2423,4,61
2424,3,53
2425,2,48
2426,3,50
2427,1,49
2428,3,32
2429,4,58
2430,5,61
2431,3,67
2432,4,70
2433,2,54
2434,1,52
2435,2,40
2436,5,54
2437,4,41
2438,5,44
2439,3,73
2440,1,52
2441,2,56
2442,3,69
2443,2,54
2444,3,40
2445,4,54
2446,3,28
2447,5,63
2448,3,60
2449,3,42
2450,2,50
2451,4,46
2452,1,39
2453,3,72
2454,5,49
2455,3,52
2456,3,34
2457,2,59
2458,3,59
2459,4,47
2460,4,38
2461,2,52
2462,3,30
2463,3,50
2464,2,55
2465,2,39
2466,4,41
2467,3,42
2468,4,59
2469,3,49
2470,3,44
2471,3,51
2472,3,44
2473,3,60
2474,3,59
2475,3,35
2476,1,64
2477,1,71
2478,3,67
2479,3,62
2480,3,59
2481,3,81
2482,3,58
2483,4,37
2484,4,29
2485,4,48
2486,1,67
2487,2,58
2488,2,50
2489,3,45
2490,4,35
2491,4,54
2492,4,59
2493,3,44
2494,2,42
2495,1,55
2496,3,58
2497,3,49
2498,3,54
2499,2,57
2500,1,40
2501,3,51
2502,1,52
2503,3,27
2504,3,57
2505,2,28
2506,3,37
2507,3,43
2508,5,48
2509,3,51
2510,2,46
2511,2,46
2512,3,50
2513,5,32
2514,3,49
2515,3,44
2516,4,62
2517,2,46
2518,3,67
2519,3,36
2520,1,52
2521,2,38
2522,4,51
2523,1,40
2524,3,43
2525,3,53
2526,2,36
2527,4,59
2528,3,52
2529,4,49
2530,3,56
2531,3,46
2532,1,55
2533,3,53
2534,3,39
2535,2,45
2536,3,35
2537,3,58
2538,2,52
2539,3,58
2540,1,61
2541,3,47
2542,3,34
2543,3,47
2544,5,60
2545,3,50
2546,3,55
2547,4,51
2548,4,57
2549,1,54
2550,3,50
2551,2,45
2552,1,50
2553,2,44
2554,2,30
2555,3,41
2556,3,38
2557,2,48
2558,2,51
2559,3,33
2560,4,53
2561,2,50
2562,1,30
2563,1,55
2564,3,49
2565,3,60
2566,4,59
2567,2,52
2568,2,33
2569,4,45
2570,4,41
2571,2,41
2572,2,52
2573,4,46
2574,1,43
2575,3,57
2576,5,47
2577,1,35
2578,3,52
2579,1,33
2580,2,65
2581,3,44
2582,4,45
2583,4,42
2584,2,44
2585,5,51
2586,3,49
2587,5,49
2588,4,39
2589,1,60
2590,5,70
2591,2,53
2592,4,55
2593,2,48
2594,5,51
2595,3,41
2596,2,49
2597,2,33
2598,2,42
2599,3,47
2600,1,42
2601,2,85
2602,4,41
2603,3,65
2604,3,49
2605,4,63
2606,3,47
2607,4,36
2608,3,51
2609,3,54
2610,2,39
2611,2,47
2612,3,45
2613,4,46
2614,3,54
2615,2,47
2616,3,48
2617,1,54
2618,1,19
2619,4,59
2620,3,72
2621,5,53
2622,3,47
2623,4,42
2624,3,39
2625,3,74
2626,3,40
2627,2,43
2628,3,54
2629,3,61
2630,5,61
2631,3,31
2632,1,54
2633,4,49
2634,2,38
2635,3,39
2636,3,51
2637,2,67
2638,3,42
2639,3,52
2640,2,48
2641,3,48
2642,2,48
2643,3,57
2644,4,38
2645,3,44
2646,2,49
2647,3,57
2648,1,51
2649,4,42
2650,3,48
2651,3,63
2652,3,43
2653,4,64
2654,4,51
2655,3,45
2656,3,51
2657,4,47
2658,5,46
2659,3,58
2660,3,62
2661,3,59
2662,3,61
2663,3,62
2664,2,52
2665,2,53
2666,1,50
2667,2,73
2668,3,41
2669,4,59
2670,3,45
2671,3,44
2672,3,59
2673,4,59
2674,1,59
2675,3,50
2676,2,53
2677,5,43
2678,3,55
2679,3,51
2680,4,60
2681,1,29
2682,3,52
2683,2,56
2684,3,47
2685,2,50
2686,5,63
2687,3,47
2688,2,58
2689,3,65
2690,2,50
2691,4,50
2692,3,49
2693,3,36
2694,3,40
2695,4,66
2696,5,51
2697,3,48
2698,4,54
2699,3,57
2700,5,57
2701,3,79
2702,1,52
2703,2,44
2704,2,55
2705,4,37
2706,3,62
2707,3,41
2708,4,44
2709,3,63
2710,1,67
2711,4,44
2712,3,54
2713,3,44
2714,5,56
2715,2,42
2716,3,36
2717,3,42
2718,3,46
2719,3,59
2720,5,46
2721,1,34
2722,3,43
2723,3,44
2724,3,43
2725,2,48
2726,3,39
2727,2,52
2728,3,45
2729,3,34
2730,3,69
2731,3,34
2732,3,53
2733,2,54
2734,4,39
2735,1,64
2736,2,68
2737,5,43
2738,3,62
2739,3,45
2740,4,60
2741,1,61
2742,2,49
2743,3,60
2744,3,51
2745,3,54
2746,3,49
2747,3,50
2748,5,47
2749,1,47
2750,3,44
2751,2,39
2752,3,45
2753,1,39
2754,3,42
2755,3,39
2756,2,45
2757,3,48
2758,4,49
2759,2,49
2760,2,56
2761,3,33
2762,3,25
2763,1,37
2764,3,54
2765,2,51
2766,2,57
2767,3,45
2768,3,45
2769,5,62
2770,2,27
2771,2,48
2772,1,22
2773,3,49
2774,3,46
2775,3,60
2776,2,54
2777,5,47
2778,5,58
2779,4,41
2780,5,37
2781,2,41
2782,3,46
2783,3,8
2784,2,72
2785,5,30
2786,5,60
2787,4,52
2788,3,50
2789,4,52
2790,2,55
2791,4,53
2792,3,52
2793,4,51
2794,1,48
2795,1,59
2796,3,62
2797,4,39
2798,4,59
2799,3,51
2800,5,43
2801,3,41
2802,2,42
2803,1,46
2804,2,47
2805,3,39
2806,5,56
2807,1,50
2808,3,49
2809,2,53
2810,4,38
2811,3,63
2812,2,41
2813,4,44
2814,3,57
2815,2,62
2816,4,42
2817,4,42
2818,2,40
2819,1,53
2820,3,44
2821,2,45
2822,1,44
2823,2,79
2824,4,54
2825,2,30
2826,3,44
2827,3,37
2828,5,50
2829,4,51
2830,2,58
2831,5,49
2832,3,33
2833,4,43
2834,3,47
2835,5,69
2836,4,68
2837,4,49
2838,5,54
2839,2,51
2840,3,32
2841,3,50
2842,3,50
2843,4,30
2844,3,39
2845,1,80
2846,1,59
2847,5,37
2848,3,47
2849,3,34
2850,4,51
2851,3,51
2852,1,62
2853,2,29
2854,2,54
2855,5,49
2856,2,42
2857,4,53
2858,2,72
2859,4,48
2860,3,63
2861,5,49
2862,4,44
2863,2,55
2864,3,51
2865,4,50
2866,1,44
2867,3,59
2868,5,34
2869,3,51
2870,5,45
2871,3,51
2872,3,43
2873,4,48
2874,3,50
2875,1,56
2876,1,42
2877,3,60
2878,3,57
2879,4,63
2880,3,55
2881,1,63
2882,4,61
2883,3,48
2884,3,44
2885,2,52
2886,3,48
2887,3,38
2888,3,54
2889,2,55
2890,2,54
2891,3,57
2892,2,63
2893,4,51
2894,1,54
2895,1,50
2896,3,63
2897,4,36
2898,1,48
2899,3,56
2900,3,38
2901,5,46
2902,3,44
2903,1,19
2904,3,55
2905,4,46
2906,3,45
2907,2,53
2908,3,57
2909,3,46
2910,4,65
2911,3,33
2912,5,51
2913,3,72
2914,1,38
2915,3,40
2916,2,30
2917,3,41
2918,3,60
2919,5,55
2920,3,34
2921,1,39
2922,2,52
2923,3,63
2924,4,48
2925,1,50
2926,2,32
2927,4,55
2928,1,56
2929,2,51
2930,4,51
2931,4,55
2932,3,53
2933,3,34
2934,4,40
2935,2,53
2936,3,60
2937,4,53
2938,2,47
2939,3,52
2940,4,29
2941,3,38
2942,3,44
2943,2,53
2944,1,29
2945,1,28
2946,5,52
2947,4,54
2948,4,44
2949,3,74
2950,3,42
2951,3,52
2952,5,50
2953,2,37
2954,2,57
2955,5,49
2956,2,56
2957,2,41
2958,4,51
2959,3,73
2960,4,49
2961,3,54
2962,2,49
2963,1,29
2964,2,40
2965,2,60
2966,1,47
2967,2,37
2968,2,53
2969,2,44
2970,3,42
2971,4,60
2972,3,41
2973,3,52
2974,4,40
2975,4,54
2976,1,44
2977,5,53
2978,3,28
2979,5,60
2980,3,58
2981,1,52
2982,3,50
2983,3,58
2984,2,46
2985,4,52
2986,5,44
2987,1,37
2988,3,39
2989,2,42
2990,3,46
2991,2,40
2992,2,40
2993,3,59
2994,2,48
2995,4,60
2996,3,49
2997,3,43
2998,3,46
2999,3,68
3000,2,62
3001,2,47
3002,4,41
3003,4,43
3004,4,54
3005,3,54
3006,3,29
3007,3,55
3008,3,57
3009,2,49
3010,3,32
3011,4,32
3012,2,53
3013,3,34
3014,3,54
3015,4,54
3016,3,51
3017,4,49
3018,3,38
3019,3,54
3020,4,47
3021,3,45
3022,5,50
3023,5,46
3024,3,53
3025,5,55
3026,3,48
3027,3,68
3028,2,53
3029,4,49
3030,4,64
3031,4,39
3032,2,38
3033,4,43
3034,3,52
3035,3,58
3036,3,64
3037,4,38
3038,4,47
3039,4,54
3040,2,62
3041,4,56
3042,2,30
3043,3,54
3044,5,65
3045,2,36
3046,3,77
3047,4,45
3048,3,58
3049,2,60
3050,5,58
3051,5,52
3052,3,56
3053,5,53
3054,2,47
3055,5,68
3056,3,56
3057,3,61
3058,3,67
3059,4,55
3060,2,42
3061,5,44
3062,4,75
3063,3,34
3064,3,32
3065,3,46
3066,3,72
3067,3,59
3068,3,48
3069,3,60
3070,1,54
3071,2,59
3072,3,51
3073,4,70
3074,4,45
3075,3,58
3076,4,42
3077,1,57
3078,3,55
3079,3,60
3080,2,34
3081,4,63
3082,4,46
3083,3,60
3084,1,32
3085,4,29
3086,1,35
3087,2,57
3088,4,48
3089,3,48
3090,5,60
3091,4,54
3092,1,48
3093,5,57
3094,1,55
3095,3,55
3096,1,38
3097,1,55
3098,4,72
3099,5,54
3100,5,75
3101,5,44
3102,3,50
3103,4,64
3104,2,57
3105,4,43
3106,3,49
3107,4,55
3108,2,40
3109,2,52
3110,2,49
3111,1,46
3112,3,43
3113,2,51
3114,4,44
3115,2,31
3116,3,45
3117,1,33
3118,3,51
3119,4,20
3120,3,57
3121,1,40
3122,3,52
3123,3,46
3124,2,28
3125,3,55
3126,3,49
3127,3,62
3128,4,51
3129,5,47
3130,5,56
3131,3,56
3132,3,70
3133,4,43
3134,4,53
3135,4,46
3136,3,61
3137,4,37
3138,2,40
3139,3,52
3140,1,31
3141,4,43
3142,2,29
3143,4,61
3144,2,50
3145,3,58
3146,3,44
3147,3,37
3148,1,66
3149,4,42
3150,4,49
3151,1,54
3152,3,37
3153,3,59
3154,2,50
3155,3,59
3156,3,34
3157,1,46
3158,4,48
3159,3,59
3160,2,54
3161,3,62
3162,2,38
3163,2,19
3164,3,52
3165,3,49
3166,1,63
3167,2,66
3168,3,53
3169,4,59
3170,2,48
3171,2,65
3172,2,51
3173,3,45
3174,5,39
3175,2,47
3176,3,40
3177,2,51
3178,5,51
3179,4,43
3180,4,66
3181,3,52
3182,3,59
3183,3,55
3184,3,66
3185,2,42
3186,3,44
3187,1,49
3188,3,57
3189,5,49
3190,4,40
3191,3,41
3192,1,61
3193,4,44
3194,3,55
3195,3,48
3196,4,48
3197,3,62
3198,1,55
3199,1,54
3200,2,58
3201,2,39
3202,2,57
3203,3,52
3204,3,49
3205,3,50
3206,3,63
3207,4,47
3208,3,48
3209,5,51
3210,3,59
3211,4,40
3212,3,55
3213,2,62
3214,5,56
3215,1,54
3216,3,49
3217,2,55
3218,2,38
3219,3,55
3220,1,47
3221,4,37
3222,4,55
3223,4,33
3224,3,58
3225,5,50
3226,3,44
3227,1,60
3228,4,57
3229,4,63
3230,2,44
3231,1,47
3232,5,61
3233,3,51
3234,4,50
3235,2,41
3236,4,56
3237,4,46
3238,4,43
3239,3,39
3240,3,51
3241,3,66
3242,5,43
3243,3,34
3244,4,47
3245,4,41
3246,1,59
3247,4,46
3248,2,73
3249,2,49
3250,2,49
3251,3,35
3252,4,55
3253,2,65
3254,4,52
3255,1,52
3256,2,34
3257,2,50
3258,2,50
3259,3,46
3260,5,38
3261,2,47
3262,1,63
3263,2,29
3264,2,32
3265,5,36
3266,5,49
3267,3,45
3268,3,74
3269,2,55
3270,2,37
3271,4,51
3272,4,52
3273,3,25
3274,1,47
3275,5,52
3276,3,68
3277,2,43
3278,1,46
3279,4,34
3280,3,39
3281,2,54
3282,4,52
3283,3,29
3284,2,56
3285,4,49
3286,3,54
3287,4,55
3288,1,32
3289,2,64
3290,3,60
3291,3,65
3292,2,50
3293,3,43
3294,2,54
3295,2,45
3296,4,47
3297,3,62
3298,2,43
3299,3,49
3300,5,40
3301,4,59
3302,2,56
3303,2,41
3304,3,40
3305,1,39
3306,3,50
3307,2,44
3308,3,56
3309,3,49
3310,1,37
3311,5,67
3312,3,51
3313,2,36
3314,3,36
3315,1,45
3316,1,63
3317,3,63
3318,2,50
3319,5,44
3320,2,61
3321,4,45
3322,1,45
3323,2,40
3324,1,51
3325,3,48
3326,5,65
3327,3,51
3328,4,54
3329,3,47
3330,3,61
3331,4,49
3332,3,44
3333,4,56
3334,2,57
3335,3,39
3336,3,42
3337,3,53
3338,3,35
3339,1,47
3340,3,46
3341,3,50
3342,1,40
3343,4,42
3344,3,45
3345,4,43
3346,1,56
3347,1,36
3348,4,38
3349,1,45
3350,5,49
3351,1,43
3352,2,46
3353,3,46
3354,3,40
3355,3,49
3356,1,47
3357,3,32
3358,5,60
3359,2,42
3360,4,54
3361,2,49
3362,1,62
3363,5,59
3364,4,46
3365,3,58
3366,3,46
3367,3,51
3368,4,47
3369,3,61
3370,3,61
3371,4,48
3372,3,56
3373,1,69
3374,3,55
3375,4,47
3376,3,23
3377,2,57
3378,1,50
3379,3,46
3380,3,58
3381,4,56
3382,1,62
3383,4,47
3384,1,43
3385,5,45
3386,4,41
3387,3,61
3388,2,40
3389,3,35
3390,5,47
3391,3,63
3392,5,64
3393,3,42
3394,5,24
3395,3,45
3396,3,61
3397,2,37
3398,3,46
3399,3,41
3400,5,42
3401,5,47
3402,3,45
3403,3,30
3404,5,66
3405,2,46
3406,4,56
3407,2,49
3408,4,50
3409,5,55
3410,4,44
3411,4,30
3412,3,52
3413,4,59
3414,2,47
3415,3,48
3416,3,58
3417,3,41
3418,2,35
3419,4,52
3420,3,39
3421,3,41
3422,3,38
3423,2,45
3424,2,39
3425,5,51
3426,4,71
3427,5,23
3428,2,44
3429,2,50
3430,4,45
3431,3,37
3432,3,40
3433,4,40
3434,5,56
3435,3,61
3436,4,51
3437,3,57
3438,5,52
3439,3,49
3440,2,53
3441,5,38
3442,4,34
3443,2,60
3444,4,39
3445,4,45
3446,2,56
3447,3,61
3448,3,55
3449,2,41
3450,2,67
3451,3,45
3452,3,32
3453,2,58
3454,3,46
3455,4,28
3456,3,63
3457,3,45
3458,3,60
3459,2,62
3460,5,51
3461,3,48
3462,3,41
3463,3,55
3464,4,41
3465,4,27
3466,2,60
3467,3,40
3468,3,15
3469,3,59
3470,4,51
3471,3,58
3472,1,40
3473,5,45
3474,1,44
3475,3,51
3476,3,43
3477,1,62
3478,2,61
3479,4,49
3480,1,31
3481,2,49
3482,2,50
3483,3,57
3484,3,56
3485,3,62
3486,3,40
3487,3,59
3488,3,56
3489,3,44
3490,5,35
3491,3,49
3492,3,41
3493,3,53
3494,4,50
3495,3,47
3496,3,65
3497,4,45
3498,4,39
3499,3,41
3500,4,71
3501,4,48
3502,5,36
3503,2,54
3504,3,46
3505,3,60
3506,2,49
3507,3,44
3508,4,54
3509,1,57
3510,3,49
3511,3,43
3512,5,45
3513,2,62
3514,1,45
3515,2,57
3516,3,46
3517,4,36
3518,3,49
3519,4,51
3520,1,54
3521,4,59
3522,3,36
3523,3,56
3524,1,48
3525,5,48
3526,3,46
3527,3,43
3528,4,50
3529,4,43
3530,5,80
3531,5,41
3532,2,48
3533,3,49
3534,4,46
3535,3,49
3536,4,51
3537,3,54
3538,2,37
3539,3,57
3540,4,52
3541,4,69
3542,2,55
3543,4,60
3544,2,63
3545,3,47
3546,5,66
3547,2,56
3548,3,54
3549,3,48
3550,1,74
3551,4,72
3552,3,38
3553,4,35
3554,1,61
3555,1,44
3556,1,47
3557,3,53
3558,4,44
3559,2,45
3560,2,61
3561,2,40
3562,3,47
3563,3,44
3564,3,58
3565,3,60
3566,2,54
3567,2,66
3568,2,37
3569,2,49
3570,4,55
3571,3,56
3572,3,48
3573,3,72
3574,5,54
3575,3,44
3576,3,23
3577,5,45
3578,1,50
3579,3,31
3580,5,48
3581,5,64
3582,1,42
3583,3,49
3584,4,72
3585,4,46
3586,3,35
3587,3,53
3588,3,57
3589,2,48
3590,3,55
3591,1,45
3592,3,45
3593,4,54
3594,3,39
3595,2,43
3596,3,49
3597,4,43
3598,4,45
3599,4,62
3600,1,47
3601,2,41
3602,3,39
3603,1,57
3604,3,53
3605,4,47
3606,4,61
3607,3,53
3608,3,35
3609,1,62
3610,3,51
3611,3,63
3612,1,57
3613,2,32
3614,3,45
3615,3,56
3616,3,40
3617,2,55
3618,4,36
3619,1,48
3620,4,50
3621,5,45
3622,2,59
3623,4,66
3624,3,69
3625,3,37
3626,1,41
3627,2,59
3628,1,45
3629,3,49
3630,3,48
3631,3,38
3632,4,43
3633,3,44
3634,5,44
3635,1,57
3636,3,51
3637,3,45
3638,3,50
3639,3,54
3640,3,53
3641,3,42
3642,4,56
3643,3,50
3644,4,43
3645,3,54
3646,3,47
3647,4,47
3648,3,52
3649,2,59
3650,3,37
3651,2,54
3652,3,52
3653,2,58
3654,4,51
3655,5,59
3656,2,51
3657,1,39
3658,3,56
3659,3,64
3660,3,33
3661,3,42
3662,3,27
3663,3,47
3664,3,63
3665,3,66
3666,3,46
3667,5,40
3668,3,55
3669,5,48
3670,5,53
3671,5,48
3672,2,42
3673,3,66
3674,3,30
3675,3,70
3676,3,52
3677,1,53
3678,2,56
3679,3,42
3680,2,52
3681,3,56
3682,5,65
3683,4,30
3684,2,56
3685,3,52
3686,2,44
3687,4,53
3688,3,53
3689,2,48
3690,5,50
3691,5,46
3692,3,47
3693,1,43
3694,3,29
3695,2,63
3696,5,58
3697,3,61
3698,3,33
3699,2,48
3700,5,55
3701,3,53
3702,5,65
3703,3,27
3704,5,50
3705,2,56
3706,3,43
3707,5,72
3708,2,43
3709,3,51
3710,4,55
3711,3,25
3712,5,34
3713,1,58
3714,4,57
3715,3,62
3716,2,33
3717,3,46
3718,4,50
3719,3,49
3720,4,36
3721,3,43
3722,3,51
3723,2,57
3724,5,61
3725,4,53
3726,4,61
3727,2,55
3728,3,53
3729,3,47
3730,4,48
3731,5,62
3732,2,55
3733,4,55
3734,3,54
3735,3,53
3736,1,54
3737,2,47
3738,3,50
3739,4,60
3740,3,62
3741,3,50
3742,4,54
3743,4,40
3744,3,43
3745,3,50
3746,3,43
3747,4,40
3748,5,52
3749,1,55
3750,3,43
3751,2,60
3752,4,58
3753,3,61
3754,2,45
3755,1,58
3756,4,46
3757,2,32
3758,5,49
3759,4,57
3760,4,70
3761,2,55
3762,4,26
3763,3,77
3764,3,36
3765,3,63
3766,2,34
3767,3,53
3768,3,43
3769,2,34
3770,3,58
3771,1,33
3772,3,42
3773,3,54
3774,4,49
3775,3,34
3776,5,43
3777,3,47
3778,4,52
3779,2,56
3780,4,49
3781,5,39
3782,3,47
3783,3,55
3784,3,48
3785,4,45
3786,3,50
3787,2,64
3788,2,55
3789,2,41
3790,1,78
3791,1,50
3792,3,65
3793,2,49
3794,2,40
3795,3,55
3796,3,40
3797,3,56
3798,4,36
3799,3,50
3800,3,64
3801,4,56
3802,2,34
3803,4,52
3804,2,55
3805,1,27
3806,5,64
3807,3,55
3808,1,60
3809,2,42
3810,2,43
3811,2,65
3812,5,50
3813,1,46
3814,3,57
3815,4,44
3816,2,45
3817,2,57
3818,4,68
3819,2,62
3820,1,42
3821,3,31
3822,4,51
3823,2,49
3824,1,41
3825,4,51
3826,2,54
3827,4,58
3828,4,50
3829,3,56
3830,3,49
3831,4,39
3832,1,65
3833,5,36
3834,5,43
3835,3,32
3836,1,41
3837,4,47
3838,2,46
3839,2,62
3840,3,47
3841,3,51
3842,2,60
3843,1,44
3844,3,41
3845,4,53
3846,2,56
3847,4,48
3848,5,40
3849,4,68
3850,4,37
3851,3,61
3852,3,42
3853,3,45
3854,3,39
3855,1,36
3856,3,41
3857,5,59
3858,5,53
3859,3,40
3860,2,44
3861,3,31
3862,5,39
3863,2,30
3864,4,60
3865,3,44
3866,3,46
3867,2,54
3868,2,41
3869,3,76
3870,5,43
3871,1,46
3872,3,57
3873,1,49
3874,2,48
3875,3,52
3876,3,59
3877,1,62
3878,4,36
3879,3,43
3880,3,27
3881,3,33
3882,3,43
3883,2,42
3884,5,48
3885,3,58
3886,3,48
3887,1,58
3888,5,47
3889,3,53
3890,1,53
3891,1,28
3892,4,64
3893,4,56
3894,3,81
3895,1,57
3896,5,48
3897,3,48
3898,3,41
3899,4,45
3900,3,32
3901,3,41
3902,2,49
3903,3,70
3904,2,25
3905,4,65
3906,1,47
3907,4,40
3908,5,54
3909,2,41
3910,2,33
3911,4,58
3912,3,58
3913,1,50
3914,3,52
3915,1,37
3916,3,51
3917,4,56
3918,4,64
3919,2,34
3920,2,58
3921,3,59
3922,3,52
3923,4,65
3924,5,43
3925,1,71
3926,3,57
3927,2,57
3928,4,44
3929,2,33
3930,4,43
3931,4,41
3932,3,59
3933,5,29
3934,3,64
3935,3,61
3936,3,43
3937,2,52
3938,4,56
3939,3,52
3940,4,57
3941,5,59
3942,3,38
3943,3,53
3944,4,38
3945,4,60
3946,2,54
3947,1,50
3948,1,47
3949,4,60
3950,3,55
3951,3,34
3952,2,46
3953,4,55
3954,3,72
3955,4,43
3956,3,49
3957,2,32
3958,2,65
3959,4,49
3960,3,46
3961,3,57
3962,5,41
3963,3,35
3964,3,42
3965,4,47
3966,1,46
3967,5,43
3968,3,16
3969,3,26
3970,3,33
3971,3,50
3972,5,40
3973,4,46
3974,3,40
3975,3,44
3976,5,46
3977,3,45
3978,3,56
3979,3,72
3980,5,49
3981,1,56
3982,2,36
3983,4,54
3984,4,50
3985,3,58
3986,5,61
3987,2,35
3988,1,61
3989,2,40
3990,3,51
3991,4,49
3992,1,43
3993,4,36
3994,3,49
3995,4,44
3996,3,56
3997,3,54
3998,4,40
3999,3,45
4000,2,57
4001,2,43
4002,2,72
4003,3,45
4004,4,48
4005,4,58
4006,2,62
4007,2,66
4008,5,68
4009,2,55
4010,5,45
4011,2,31
4012,5,56
4013,3,38
4014,3,49
4015,3,59
4016,3,51
4017,3,52
4018,3,53
4019,3,65
4020,2,39
4021,4,59
4022,4,37
4023,4,58
4024,3,51
4025,4,66
4026,3,44
4027,4,32
4028,4,38
4029,4,44
4030,1,68
4031,2,54
4032,3,57
4033,3,45
4034,4,34
4035,3,49
4036,3,36
4037,3,50
4038,2,50
4039,2,41
4040,3,59
4041,2,39
4042,4,56
4043,4,48
4044,2,48
4045,4,43
4046,5,55
4047,4,52
4048,4,52
4049,3,48
4050,1,48
4051,4,46
4052,2,48
4053,2,51
4054,4,54
4055,3,54
4056,1,40
4057,3,55
4058,3,70
4059,3,38
4060,2,52
4061,1,62
4062,3,58
4063,4,48
4064,1,55
4065,3,42
4066,4,37
4067,3,56
4068,3,54
4069,3,59
4070,3,39
4071,4,49
4072,2,28
4073,4,35
4074,2,54
4075,3,48
4076,5,48
4077,3,42
4078,3,50
4079,4,50
4080,5,40
4081,3,46
4082,5,62
4083,5,25
4084,5,40
4085,2,38
4086,3,59
4087,3,53
4088,1,53
4089,4,31
4090,4,37
4091,3,43
4092,2,61
4093,1,65
4094,5,67
4095,1,48
4096,4,55
4097,4,46
4098,2,43
4099,4,39
4100,4,71
4101,2,35
4102,1,42
4103,1,41
4104,3,62
4105,4,51
4106,4,38
4107,2,53
4108,2,47
4109,3,56
4110,2,57
4111,3,46
4112,3,42
4113,4,39
4114,4,60
4115,3,38
4116,3,65
4117,2,53
4118,4,56
4119,3,50
4120,3,44
4121,2,53
4122,1,53
4123,2,57
4124,2,55
4125,4,43
4126,1,56
4127,3,46
4128,3,50
4129,4,36
4130,3,59
4131,2,45
4132,2,64
4133,3,57
4134,3,34
4135,3,39
4136,4,24
4137,3,46
4138,5,47
4139,3,40
4140,3,65
4141,1,45
4142,5,61
4143,3,54
4144,3,43
4145,4,74
4146,4,36
4147,5,56
4148,4,71
4149,4,47
4150,4,46
4151,1,47
4152,1,79
4153,4,49
4154,3,36
4155,4,52
4156,1,55
4157,2,36
4158,2,42
4159,2,42
4160,4,33
4161,3,38
4162,2,43
4163,2,52
4164,3,58
4165,2,56
4166,2,47
4167,2,50
4168,5,51
4169,3,42
4170,2,56
4171,1,43
4172,4,56
4173,5,48
4174,4,61
4175,3,61
4176,4,43
4177,3,65
4178,2,37
4179,5,67
4180,4,45
4181,2,57
4182,4,52
4183,1,48
4184,3,33
4185,3,44
4186,2,48
4187,2,51
4188,4,43
4189,1,70
4190,2,56
4191,3,55
4192,3,52
4193,3,61
4194,2,55
4195,4,41
4196,2,46
4197,3,27
4198,4,66
4199,3,49
4200,3,44
4201,2,60
4202,1,45
4203,4,69
4204,3,51
4205,4,46
4206,1,49
4207,2,37
4208,3,58
4209,4,84
4210,3,54
4211,1,66
4212,3,44
4213,5,66
4214,4,55
4215,4,53
4216,3,38
4217,3,44
4218,3,36
4219,4,62
4220,4,51
4221,4,49
4222,3,61
4223,3,46
4224,1,32
4225,5,63
4226,3,59
4227,1,42
4228,2,55
4229,2,56
4230,3,53
4231,4,50
4232,3,42
4233,3,60
4234,1,55
4235,3,40
4236,2,37
4237,1,54
4238,3,43
4239,3,43
4240,3,59
4241,2,55
4242,3,55
4243,3,37
4244,3,54
4245,2,34
4246,3,52
4247,2,49
4248,2,61
4249,3,57
4250,5,58
4251,3,43
4252,3,50
4253,4,59
4254,3,42
4255,5,61
4256,2,57
4257,3,44
4258,3,50
4259,3,55
4260,2,53
4261,3,52
4262,5,47
4263,2,54
4264,2,60
4265,3,57
4266,1,55
4267,5,47
4268,4,28
4269,2,63
4270,4,54
4271,5,43
4272,2,40
4273,2,54
4274,2,60
4275,2,63
4276,3,48
4277,1,48
4278,4,72
4279,3,49
4280,3,32
4281,4,39
4282,3,53
4283,4,56
4284,3,44
4285,4,42
4286,3,38
4287,5,42
4288,5,48
4289,3,54
4290,5,50
4291,4,42
4292,3,46
4293,3,36
4294,3,57
4295,4,49
4296,1,52
4297,2,46
4298,4,51
4299,3,34
4300,1,43
4301,3,55
4302,4,44
4303,3,43
4304,3,37
4305,3,31
4306,3,37
4307,2,55
4308,1,46
4309,5,69
4310,2,38
4311,5,50
4312,3,47
4313,3,28
4314,4,46
4315,2,56
4316,5,55
4317,3,46
4318,2,45
4319,2,58
4320,3,46
4321,3,33
4322,1,55
4323,4,42
4324,2,45
4325,3,48
4326,5,53
4327,3,62
4328,4,73
4329,5,52
4330,3,41
4331,3,40
4332,4,49
4333,5,54
4334,2,52
4335,2,23
4336,4,37
4337,3,37
4338,5,43
4339,4,60
4340,3,46
4341,3,45
4342,4,58
4343,3,40
4344,5,61
4345,3,37
4346,3,63
4347,5,49
4348,4,61
4349,2,65
4350,3,49
4351,3,40
4352,3,47
4353,3,56
4354,2,58
4355,3,47
4356,2,67
4357,5,18
4358,3,52
4359,2,47
4360,3,54
4361,2,57
4362,2,64
4363,1,48
4364,2,53
4365,5,41
4366,2,60
4367,2,57
4368,3,59
4369,5,33
4370,3,42
4371,3,42
4372,4,44
4373,4,56
4374,5,43
4375,3,41
4376,4,42
4377,5,32
4378,2,44
4379,2,37
4380,2,59
4381,1,66
4382,3,36
4383,2,53
4384,3,46
4385,5,63
4386,2,42
4387,3,40
4388,2,46
4389,4,63
4390,4,50
4391,4,61
4392,4,47
4393,1,56
4394,1,60
4395,3,57
4396,4,45
4397,2,61
4398,3,43
4399,4,51
4400,1,61
4401,3,62
4402,3,58
4403,1,41
4404,1,37
4405,5,45
4406,1,49
4407,2,34
4408,1,43
4409,4,53
4410,5,54
4411,4,52
4412,1,40
4413,3,51
4414,5,45
4415,1,72
4416,2,41
4417,3,59
4418,1,48
4419,4,49
4420,3,44
4421,3,48
4422,2,42
4423,2,48
4424,4,36
4425,2,56
4426,4,48
4427,2,55
4428,2,45
4429,3,60
4430,2,43
4431,3,38
4432,2,33
4433,4,68
4434,1,43
4435,3,45
4436,5,29
4437,4,47
4438,3,28
4439,4,48
4440,2,63
4441,2,55
4442,3,58
4443,4,58
4444,2,37
4445,3,41
4446,3,47
4447,4,63
4448,2,39
4449,4,50
4450,3,67
4451,5,45
4452,1,48
4453,3,45
4454,3,78
4455,4,30
4456,4,52
4457,4,53
4458,5,26
4459,3,58
4460,3,40
4461,4,65
4462,4,65
4463,4,41
4464,4,54
4465,2,42
4466,5,34
4467,3,52
4468,4,60
4469,1,45
4470,1,40
4471,2,47
4472,4,55
4473,4,52
4474,4,54
4475,2,48
4476,5,62
4477,3,31
4478,2,51
4479,5,51
4480,3,61
4481,2,42
4482,1,57
4483,4,52
4484,3,49
4485,3,52
4486,4,50
4487,3,41
4488,4,43
4489,3,49
4490,3,43
4491,3,59
4492,2,56
4493,3,71
4494,2,51
4495,2,52
4496,4,61
4497,4,52
4498,5,60
4499,4,39
4500,2,48
4501,3,50
4502,3,63
4503,2,63
4504,4,50
4505,3,50
4506,3,45
4507,3,49
4508,4,45
4509,5,44
4510,2,56
4511,3,73
4512,3,44
4513,3,57
4514,3,57
4515,4,61
4516,5,53
4517,2,48
4518,5,41
4519,2,52
4520,3,46
4521,2,59
4522,2,44
4523,1,52
4524,4,39
4525,3,44
4526,4,61
4527,4,48
4528,3,47
4529,3,40
4530,1,55
4531,3,56
4532,3,30
4533,3,51
4534,4,38
4535,3,61
4536,2,28
4537,5,63
4538,1,61
4539,2,49
4540,1,56
4541,3,55
4542,4,60
4543,4,34
4544,4,42
4545,2,44
4546,4,45
4547,3,41
4548,3,58
4549,2,50
4550,3,38
4551,5,56
4552,3,52
4553,4,45
4554,5,50
4555,3,53
4556,4,45
4557,4,54
4558,4,55
4559,4,43
4560,5,54
4561,3,39
4562,3,53
4563,5,50
4564,4,39
4565,3,73
4566,3,67
4567,1,62
4568,2,48
4569,4,45
4570,3,55
4571,4,47
4572,3,56
4573,2,45
4574,3,29
4575,3,38
4576,2,47
4577,3,52
4578,3,56
4579,5,40
4580,4,62
4581,3,40
4582,3,56
4583,1,30
4584,4,46
4585,3,48
4586,3,43
4587,2,52
4588,3,42
4589,2,59
4590,3,33
4591,1,53
4592,2,40
4593,4,63
4594,2,44
4595,2,58
4596,4,41
4597,2,32
4598,5,68
4599,4,47
4600,5,46
4601,5,50
4602,3,50
4603,3,34
4604,3,54
4605,1,60
4606,5,53
4607,3,76
4608,3,57
4609,5,54
4610,3,40
4611,3,62
4612,3,55
4613,3,50
4614,1,64
4615,4,53
4616,3,47
4617,3,37
4618,4,28
4619,2,72
4620,2,56
4621,3,57
4622,5,39
4623,4,39
4624,3,52
4625,3,45
4626,2,40
4627,4,54
4628,2,56
4629,4,57
4630,3,35
4631,3,38
4632,3,45
4633,2,63
4634,1,47
4635,3,47
4636,4,52
4637,3,43
4638,3,60
4639,2,51
4640,3,71
4641,1,56
4642,4,41
4643,3,37
4644,2,40
4645,4,54
4646,4,61
4647,3,42
4648,4,49
4649,3,42
4650,2,60
4651,2,41
4652,5,51
4653,2,41
4654,3,57
4655,3,41
4656,4,40
4657,3,27
4658,4,58
4659,5,39
4660,3,45
4661,5,52
4662,4,55
4663,1,35
4664,1,43
4665,1,42
4666,2,41
4667,4,44
4668,3,47
4669,3,57
4670,2,46
4671,1,43
4672,1,35
4673,3,51
4674,1,46
4675,5,36
4676,3,50
4677,2,70
4678,5,54
4679,3,52
4680,3,55
4681,2,35
4682,4,46
4683,3,46
4684,2,50
4685,2,58
4686,3,33
4687,1,56
4688,3,52
4689,2,62
4690,5,41
4691,2,73
4692,3,40
4693,2,59
4694,3,50
4695,2,37
4696,2,52
4697,3,55
4698,2,41
4699,2,55
4700,4,45
4701,4,51
4702,1,61
4703,4,43
4704,4,34
4705,2,51
4706,3,57
4707,3,47
4708,2,31
4709,3,61
4710,2,50
4711,5,49
4712,2,54
4713,2,60
4714,2,53
4715,4,59
4716,3,54
4717,4,46
4718,3,43
4719,2,42
4720,2,34
4721,2,59
4722,2,55
4723,3,41
4724,2,66
4725,4,54
4726,3,50
4727,4,51
4728,3,64
4729,1,34
4730,3,59
4731,4,60
4732,4,43
4733,2,60
4734,3,45
4735,3,52
4736,2,70
4737,2,51
4738,3,53
4739,1,45
4740,3,62
4741,2,39
4742,4,56
4743,3,43
4744,2,52
4745,4,53
4746,5,62
4747,1,45
4748,3,49
4749,3,34
4750,4,51
4751,4,58
4752,3,35
4753,2,35
4754,4,41
4755,3,67
4756,1,51
4757,3,44
4758,3,57
4759,3,68
4760,1,61
4761,3,67
4762,2,36
4763,3,51
4764,3,60
4765,3,42
4766,4,62
4767,3,45
4768,4,45
4769,5,46
4770,2,54
4771,4,36
4772,3,34
4773,5,33
4774,3,55
4775,4,41
4776,3,51
4777,4,73
4778,4,64
4779,2,46
4780,4,52
4781,3,46
4782,3,76
4783,4,42
4784,3,48
4785,4,35
4786,4,50
4787,3,54
4788,4,61
4789,3,34
4790,3,44
4791,5,62
4792,3,61
4793,5,53
4794,4,39
4795,5,54
4796,4,41
4797,3,52
4798,3,43
4799,3,66
4800,3,43
4801,2,27
4802,5,44
4803,3,46
4804,2,70
4805,3,52
4806,5,55
4807,2,54
4808,3,65
4809,1,54
4810,3,50
4811,2,47
4812,1,45
4813,1,35
4814,3,50
4815,3,52
4816,3,66
4817,5,39
4818,3,50
4819,1,51
4820,3,38
4821,5,33
4822,3,52
4823,3,57
4824,1,53
4825,3,48
4826,4,45
4827,5,42
4828,3,70
4829,4,62
4830,4,56
4831,1,49
4832,2,60
4833,2,72
4834,3,42
4835,3,42
4836,4,50
4837,5,38
4838,5,48
4839,1,52
4840,3,42
4841,3,37
4842,3,44
4843,4,42
4844,3,47
4845,1,49
4846,2,32
4847,4,55
4848,3,34
4849,2,56
4850,4,52
4851,3,46
4852,2,72
4853,2,37
4854,4,47
4855,2,53
4856,1,35
4857,1,51
4858,2,50
4859,3,66
4860,2,38
4861,3,44
4862,4,43
4863,3,49
4864,3,51
4865,3,69
4866,3,40
4867,5,51
4868,2,39
4869,3,62
4870,5,48
4871,4,60
4872,5,62
4873,3,58
4874,3,65
4875,3,48
4876,4,62
4877,4,65
4878,3,54
4879,2,50
4880,3,48
4881,2,64
4882,3,44
4883,2,47
4884,2,58
4885,3,65
4886,3,46
4887,4,49
4888,3,58
4889,2,57
4890,2,52
4891,4,63
4892,3,52
4893,3,34
4894,2,36
4895,2,51
4896,4,57
4897,3,20
4898,3,49
4899,4,43
4900,2,44
4901,2,52
4902,4,49
4903,3,53
4904,5,54
4905,3,45
4906,3,53
4907,2,68
4908,3,67
4909,3,53
4910,1,31
4911,5,40
4912,2,42
4913,3,53
4914,1,49
4915,2,58
4916,3,55
4917,3,54
4918,2,34
4919,2,48
4920,3,54
4921,5,41
4922,5,63
4923,4,64
4924,3,43
4925,3,45
4926,3,50
4927,2,65
4928,1,72
4929,2,49
4930,3,45
4931,5,54
4932,2,41
4933,5,60
4934,3,48
4935,3,45
4936,3,31
4937,3,56
4938,1,53
4939,3,70
4940,2,61
4941,3,57
4942,2,51
4943,2,58
4944,4,44
4945,2,37
4946,2,46
4947,1,66
4948,3,40
4949,2,63
4950,4,38
4951,1,43
4952,3,49
4953,3,57
4954,4,51
4955,2,59
4956,1,50
4957,4,47
4958,3,59
4959,4,42
4960,3,46
4961,2,67
4962,2,55
4963,3,38
4964,1,57
4965,3,51
4966,4,55
4967,3,47
4968,4,59
4969,4,61
4970,1,52
4971,2,55
4972,3,48
4973,2,51
4974,4,51
4975,4,53
4976,3,44
4977,3,55
4978,3,57
4979,3,56
4980,3,56
4981,3,40
4982,3,59
4983,1,50
4984,4,62
4985,1,51
4986,2,32
4987,2,46
4988,1,35
4989,4,54
4990,4,56
4991,3,46
4992,3,44
4993,4,45
4994,3,52
4995,4,58
4996,3,50
4997,3,50
4998,2,53
4999,2,48
